+---+---+---+---+---+---+---+---+---+---+---+---+---+---+---+---+---+---+---+---+---+---+---+---+---+---+---+---+---+---+---+---+---+---+---+---+---+---+---+---+---+---+---+---+---+---+---+---+---+---+---+---+---+---+---+---+---+---+---+---+---+---+---+---+
|128|129|129|129|129|129|129|129|129|129|129|129|128|129|129|129|129|129|129|129|129|129|129|129|129|129|128|129|129|129|129|129|129|129|129|129|129|129|129|129|129|129|129|129|129|129|129|129|129|129|128|129|129|129|129|129|129|129|129|129|129|129|129|128|
|   |   |   |   |   |   |   |   |   |   |   |   |   |   |   |   |   |   |   |   |   |   |   |   |   |   |   |   |   |   |   |   |   |   |   |   |   |   |   |   |   |   |   |   |   |   |   |   |   |   |   |   |   |   |   |   |   |   |   |   |   |   |   |   |
+---+---+---+---+---+---+---+---+---+---+---+---+---+---+---+---+---+---+---+---+---+---+---+---+---+---+---+---+---+---+---+---+---+---+---+---+---+---+---+---+---+---+---+---+---+---+---+---+---+---+---+---+---+---+---+---+---+---+---+---+---+---+---+---+
|130|131|132|133|134|135|136|133|136|133|134|137|130|131|132|138|139|140|141|140|141|142|139|143|136|144|130|145|146|143|136|133|134|135|136|147|141|143|134|148|139|143|136|147|141|143|136|133|136|144|130|149|132|133|134|150|141|143|134|135|151|152|153|130|
|   |   |   |   |   |   |   |   |   |   |   |   |   |   |   |   |   |   |   |   |   |   |   |   |   |   |   |   |   |   |   |   |   |   |   |   |   |   |   |   |   |   |   |   |   |   |   |   |   |   |   |   |   |   |   |   |   |   |   |   |   |   |   |   |
+---+---+---+---+---+---+---+---+---+---+---+---+---+---+---+---+---+---+---+---+---+---+---+---+---+---+---+---+---+---+---+---+---+---+---+---+---+---+---+---+---+---+---+---+---+---+---+---+---+---+---+---+---+---+---+---+---+---+---+---+---+---+---+---+
|154|155|156|157|158|159|160|161|162|163|164|165|166|167|168|169|170|171|172|173|172|174|175|176|177|178|154|179|180|181|182|183|184|185|182|186|187|188|184|189|190|191|182|186|187|192|177|193|162|194|154|195|196|197|164|198|187|199|158|200|201|202|203|154|
|   |   |   |   |   |   |   |   |   |   |   |   |   |   |   |   |   |   |   |   |   |   |   |   |   |   |   |   |   |   |   |   |   |   |   |   |   |   |   |   |   |   |   |   |   |   |   |   |   |   |   |   |   |   |   |   |   |   |   |   |   |   |   |   |
+---+---+---+---+---+---+---+---+---+---+---+---+---+---+---+---+---+---+---+---+---+---+---+---+---+---+---+---+---+---+---+---+---+---+---+---+---+---+---+---+---+---+---+---+---+---+---+---+---+---+---+---+---+---+---+---+---+---+---+---+---+---+---+---+
|204|205|206|207|208|209|210|211|208|209|210|212|213|214|215|216|217|218|210|219|210|220|221|222|221|223|204|224|225|216|217|226|221|216|217|227|217|226|221|228|210|229|217|227|217|226|221|230|208|231|204|232|233|219|210|229|217|207|208|209|234|235|236|204|
|   |   |   |   |   |   |   |   |   |   |   |   |   |   |   |   |   |   |   |   |   |   |   |   |   |   |   |   |   |   |   |   |   |   |   |   |   |   |   |   |   |   |   |   |   |   |   |   |   |   |   |   |   |   |   |   |   |   |   |   |   |   |   |   |
+---+---+---+---+---+---+---+---+---+---+---+---+---+---+---+---+---+---+---+---+---+---+---+---+---+---+---+---+---+---+---+---+---+---+---+---+---+---+---+---+---+---+---+---+---+---+---+---+---+---+---+---+---+---+---+---+---+---+---+---+---+---+---+---+
|154|179|180|237|184|238|160|239|184|238|162|240|241|242|187|243|175|244|160|245|177|246|247|248|187|249|154|250|251|252|190|253|254|255|175|256|175|257|247|258|182|259|190|260|261|262|172|263|264|265|154|195|196|161|160|266|261|267|164|268|160|269|270|154|
|   |   |   |   |   |   |   |   |   |   |   |   |   |   |   |   |   |   |   |   |   |   |   |   |   |   |   |   |   |   |   |   |   |   |   |   |   |   |   |   |   |   |   |   |   |   |   |   |   |   |   |   |   |   |   |   |   |   |   |   |   |   |   |   |
+---+---+---+---+---+---+---+---+---+---+---+---+---+---+---+---+---+---+---+---+---+---+---+---+---+---+---+---+---+---+---+---+---+---+---+---+---+---+---+---+---+---+---+---+---+---+---+---+---+---+---+---+---+---+---+---+---+---+---+---+---+---+---+---+
|204|224|225|222|221|228|210|220|221|230|208|271|208|272|217|226|221|228|210|220|221|222|221|216|217|273|204|232|233|219|210|211|208|274|221|222|221|222|221|216|217|218|210|211|208|209|210|229|217|273|204|232|233|219|210|211|208|209|210|219|210|229|275|204|
|   |   |   |   |   |   |   |   |   |   |   |   |   |   |   |   |   |   |   |   |   |   |   |   |   |   |   |   |   |   |   |   |   |   |   |   |   |   |   |   |   |   |   |   |   |   |   |   |   |   |   |   |   |   |   |   |   |   |   |   |   |   |   |   |
+---+---+---+---+---+---+---+---+---+---+---+---+---+---+---+---+---+---+---+---+---+---+---+---+---+---+---+---+---+---+---+---+---+---+---+---+---+---+---+---+---+---+---+---+---+---+---+---+---+---+---+---+---+---+---+---+---+---+---+---+---+---+---+---+
|154|250|276|277|187|278|162|279|187|188|184|280|184|189|261|281|247|192|177|282|172|283|247|284|170|285|154|195|168|286|177|157|164|287|247|288|247|248|187|284|170|176|177|157|158|289|177|259|261|290|154|195|291|292|162|163|164|293|182|193|162|294|265|154|
|   |   |   |   |   |   |   |   |   |   |   |   |   |   |   |   |   |   |   |   |   |   |   |   |   |   |   |   |   |   |   |   |   |   |   |   |   |   |   |   |   |   |   |   |   |   |   |   |   |   |   |   |   |   |   |   |   |   |   |   |   |   |   |   |
+---+---+---+---+---+---+---+---+---+---+---+---+---+---+---+---+---+---+---+---+---+---+---+---+---+---+---+---+---+---+---+---+---+---+---+---+---+---+---+---+---+---+---+---+---+---+---+---+---+---+---+---+---+---+---+---+---+---+---+---+---+---+---+---+
|204|295|296|272|217|207|208|272|217|226|221|222|221|230|208|274|221|222|221|228|210|220|221|216|217|273|204|224|225|222|221|228|210|220|221|222|221|216|297|298|299|226|221|230|208|274|221|230|208|231|204|295|296|271|208|209|210|229|217|207|208|271|273|204|
|   |   |   |   |   |   |   |   |   |   |   |   |   |   |   |   |   |   |   |   |   |   |   |   |   |   |   |   |   |   |   |   |   |   |   |   |   |   |   |   |   |   |   |   |   |   |   |   |   |   |   |   |   |   |   |   |   |   |   |   |   |   |   |   |
+---+---+---+---+---+---+---+---+---+---+---+---+---+---+---+---+---+---+---+---+---+---+---+---+---+---+---+---+---+---+---+---+---+---+---+---+---+---+---+---+---+---+---+---+---+---+---+---+---+---+---+---+---+---+---+---+---+---+---+---+---+---+---+---+
|154|300|301|302|261|303|184|189|261|262|172|304|187|305|264|306|187|307|172|308|182|282|172|252|190|309|154|250|276|310|172|311|177|282|254|312|247|313|314|315|316|171|172|317|164|318|172|317|164|319|154|300|320|280|184|238|162|321|175|237|184|322|323|154|
|   |   |   |   |   |   |   |   |   |   |   |   |   |   |   |   |   |   |   |   |   |   |   |   |   |   |   |   |   |   |   |   |   |   |   |   |   |   |   |   |   |   |   |   |   |   |   |   |   |   |   |   |   |   |   |   |   |   |   |   |   |   |   |   |
+---+---+---+---+---+---+---+---+---+---+---+---+---+---+---+---+---+---+---+---+---+---+---+---+---+---+---+---+---+---+---+---+---+---+---+---+---+---+---+---+---+---+---+---+---+---+---+---+---+---+---+---+---+---+---+---+---+---+---+---+---+---+---+---+
|204|295|296|271|208|274|221|230|208|209|210|229|297|298|299|227|217|218|210|229|217|218|210|219|210|324|204|295|296|209|210|220|221|230|208|325|221|326|327|328|206|218|210|219|210|219|210|219|210|324|204|224|225|222|221|230|208|274|221|222|221|228|223|204|
|   |   |   |   |   |   |   |   |   |   |   |   |   |   |   |   |   |   |   |   |   |   |   |   |   |   |   |   |   |   |   |   |   |   |   |   |   |   |   |   |   |   |   |   |   |   |   |   |   |   |   |   |   |   |   |   |   |   |   |   |   |   |   |   |
+---+---+---+---+---+---+---+---+---+---+---+---+---+---+---+---+---+---+---+---+---+---+---+---+---+---+---+---+---+---+---+---+---+---+---+---+---+---+---+---+---+---+---+---+---+---+---+---+---+---+---+---+---+---+---+---+---+---+---+---+---+---+---+---+
|154|300|301|329|264|306|187|199|164|330|177|331|314|315|316|332|190|333|177|169|170|244|162|334|177|178|154|300|335|293|182|186|187|305|264|336|247|249|154|337|338|333|177|193|162|339|182|340|182|178|154|250|251|173|172|317|164|318|254|277|187|192|341|154|
|   |   |   |   |   |   |   |   |   |   |   |   |   |   |   |   |   |   |   |   |   |   |   |   |   |   |   |   |   |   |   |   |   |   |   |   |   |   |   |   |   |   |   |   |   |   |   |   |   |   |   |   |   |   |   |   |   |   |   |   |   |   |   |   |
+---+---+---+---+---+---+---+---+---+---+---+---+---+---+---+---+---+---+---+---+---+---+---+---+---+---+---+---+---+---+---+---+---+---+---+---+---+---+---+---+---+---+---+---+---+---+---+---+---+---+---+---+---+---+---+---+---+---+---+---+---+---+---+---+
|204|295|296|272|217|227|217|218|210|220|221|326|327|328|206|218|210|220|221|216|217|207|208|274|221|223|204|232|233|229|217|227|217|227|217|226|221|223|204|232|233|220|221|230|208|272|217|227|217|273|204|232|233|219|210|219|210|211|208|272|217|226|342|204|
|   |   |   |   |   |   |   |   |   |   |   |   |   |   |   |   |   |   |   |   |   |   |   |   |   |   |   |   |   |   |   |   |   |   |   |   |   |   |   |   |   |   |   |   |   |   |   |   |   |   |   |   |   |   |   |   |   |   |   |   |   |   |   |   |
+---+---+---+---+---+---+---+---+---+---+---+---+---+---+---+---+---+---+---+---+---+---+---+---+---+---+---+---+---+---+---+---+---+---+---+---+---+---+---+---+---+---+---+---+---+---+---+---+---+---+---+---+---+---+---+---+---+---+---+---+---+---+---+---+
|154|300|320|343|175|344|261|345|182|282|254|346|154|337|338|347|162|348|254|349|170|350|264|351|172|352|154|155|156|353|175|344|261|354|261|262|172|352|154|195|291|348|254|355|158|356|175|357|170|285|154|155|156|286|177|340|182|157|158|302|261|281|270|154|
|   |   |   |   |   |   |   |   |   |   |   |   |   |   |   |   |   |   |   |   |   |   |   |   |   |   |   |   |   |   |   |   |   |   |   |   |   |   |   |   |   |   |   |   |   |   |   |   |   |   |   |   |   |   |   |   |   |   |   |   |   |   |   |   |
+---+---+---+---+---+---+---+---+---+---+---+---+---+---+---+---+---+---+---+---+---+---+---+---+---+---+---+---+---+---+---+---+---+---+---+---+---+---+---+---+---+---+---+---+---+---+---+---+---+---+---+---+---+---+---+---+---+---+---+---+---+---+---+---+
|204|224|225|222|221|230|208|272|217|207|208|231|204|232|233|211|208|271|208|272|217|227|217|218|210|324|204|205|206|226|221|230|208|271|208|358|210|324|204|295|296|271|208|271|208|274|221|216|217|273|204|205|206|226|221|216|217|207|208|271|208|274|342|204|
|   |   |   |   |   |   |   |   |   |   |   |   |   |   |   |   |   |   |   |   |   |   |   |   |   |   |   |   |   |   |   |   |   |   |   |   |   |   |   |   |   |   |   |   |   |   |   |   |   |   |   |   |   |   |   |   |   |   |   |   |   |   |   |   |
+---+---+---+---+---+---+---+---+---+---+---+---+---+---+---+---+---+---+---+---+---+---+---+---+---+---+---+---+---+---+---+---+---+---+---+---+---+---+---+---+---+---+---+---+---+---+---+---+---+---+---+---+---+---+---+---+---+---+---+---+---+---+---+---+
|154|359|360|288|247|199|164|361|175|362|164|319|154|195|196|363|264|322|164|364|170|256|175|176|177|178|154|365|316|257|247|188|184|322|158|159|162|194|154|366|367|322|158|329|264|336|247|284|170|285|154|179|368|262|254|369|190|370|264|371|264|336|270|154|
|   |   |   |   |   |   |   |   |   |   |   |   |   |   |   |   |   |   |   |   |   |   |   |   |   |   |   |   |   |   |   |   |   |   |   |   |   |   |   |   |   |   |   |   |   |   |   |   |   |   |   |   |   |   |   |   |   |   |   |   |   |   |   |   |
+---+---+---+---+---+---+---+---+---+---+---+---+---+---+---+---+---+---+---+---+---+---+---+---+---+---+---+---+---+---+---+---+---+---+---+---+---+---+---+---+---+---+---+---+---+---+---+---+---+---+---+---+---+---+---+---+---+---+---+---+---+---+---+---+
|204|205|206|226|221|228|210|220|221|228|210|324|204|232|233|229|217|218|210|229|217|226|221|222|221|223|204|205|206|226|221|222|221|230|208|271|208|231|204|205|206|207|208|272|217|226|221|216|217|273|204|295|296|271|208|209|210|229|217|227|217|226|342|204|
|   |   |   |   |   |   |   |   |   |   |   |   |   |   |   |   |   |   |   |   |   |   |   |   |   |   |   |   |   |   |   |   |   |   |   |   |   |   |   |   |   |   |   |   |   |   |   |   |   |   |   |   |   |   |   |   |   |   |   |   |   |   |   |   |
+---+---+---+---+---+---+---+---+---+---+---+---+---+---+---+---+---+---+---+---+---+---+---+---+---+---+---+---+---+---+---+---+---+---+---+---+---+---+---+---+---+---+---+---+---+---+---+---+---+---+---+---+---+---+---+---+---+---+---+---+---+---+---+---+
|154|179|368|281|247|258|182|246|247|278|160|372|154|195|196|373|175|244|160|266|190|253|254|310|254|346|154|179|338|374|247|248|187|305|264|371|264|265|154|179|368|267|158|302|190|374|247|375|190|309|154|300|301|200|158|289|177|259|261|376|175|257|270|154|
|   |   |   |   |   |   |   |   |   |   |   |   |   |   |   |   |   |   |   |   |   |   |   |   |   |   |   |   |   |   |   |   |   |   |   |   |   |   |   |   |   |   |   |   |   |   |   |   |   |   |   |   |   |   |   |   |   |   |   |   |   |   |   |   |
+---+---+---+---+---+---+---+---+---+---+---+---+---+---+---+---+---+---+---+---+---+---+---+---+---+---+---+---+---+---+---+---+---+---+---+---+---+---+---+---+---+---+---+---+---+---+---+---+---+---+---+---+---+---+---+---+---+---+---+---+---+---+---+---+
|204|295|296|274|221|216|217|226|221|228|210|324|204|232|233|220|221|228|210|219|210|211|208|271|208|231|204|232|233|220|221|216|217|227|217|227|217|273|204|295|296|271|208|209|210|220|221|228|210|324|204|295|296|271|208|274|221|230|208|274|221|222|342|204|
|   |   |   |   |   |   |   |   |   |   |   |   |   |   |   |   |   |   |   |   |   |   |   |   |   |   |   |   |   |   |   |   |   |   |   |   |   |   |   |   |   |   |   |   |   |   |   |   |   |   |   |   |   |   |   |   |   |   |   |   |   |   |   |   |
+---+---+---+---+---+---+---+---+---+---+---+---+---+---+---+---+---+---+---+---+---+---+---+---+---+---+---+---+---+---+---+---+---+---+---+---+---+---+---+---+---+---+---+---+---+---+---+---+---+---+---+---+---+---+---+---+---+---+---+---+---+---+---+---+
|154|366|367|336|247|243|175|377|187|278|160|372|154|195|196|378|254|379|160|245|177|157|158|200|158|270|154|195|291|279|187|375|261|354|261|376|175|285|154|366|367|322|158|380|182|186|187|278|162|194|154|300|335|381|158|382|172|317|164|318|254|277|270|154|
|   |   |   |   |   |   |   |   |   |   |   |   |   |   |   |   |   |   |   |   |   |   |   |   |   |   |   |   |   |   |   |   |   |   |   |   |   |   |   |   |   |   |   |   |   |   |   |   |   |   |   |   |   |   |   |   |   |   |   |   |   |   |   |   |
+---+---+---+---+---+---+---+---+---+---+---+---+---+---+---+---+---+---+---+---+---+---+---+---+---+---+---+---+---+---+---+---+---+---+---+---+---+---+---+---+---+---+---+---+---+---+---+---+---+---+---+---+---+---+---+---+---+---+---+---+---+---+---+---+
|204|205|206|226|221|222|221|216|217|218|210|324|204|232|233|211|208|209|210|220|221|230|208|271|208|231|204|295|296|272|217|207|208|271|208|274|221|223|204|205|206|207|208|272|217|227|217|207|208|231|204|232|233|211|208|209|210|219|210|211|208|272|275|204|
|   |   |   |   |   |   |   |   |   |   |   |   |   |   |   |   |   |   |   |   |   |   |   |   |   |   |   |   |   |   |   |   |   |   |   |   |   |   |   |   |   |   |   |   |   |   |   |   |   |   |   |   |   |   |   |   |   |   |   |   |   |   |   |   |
+---+---+---+---+---+---+---+---+---+---+---+---+---+---+---+---+---+---+---+---+---+---+---+---+---+---+---+---+---+---+---+---+---+---+---+---+---+---+---+---+---+---+---+---+---+---+---+---+---+---+---+---+---+---+---+---+---+---+---+---+---+---+---+---+
|154|179|180|377|187|288|247|284|170|244|162|194|154|195|168|157|164|268|162|348|172|317|158|200|158|270|154|366|367|189|190|383|164|381|164|318|254|346|154|365|316|237|184|189|261|354|190|370|264|265|154|195|291|163|158|289|177|340|182|157|158|302|265|154|
|   |   |   |   |   |   |   |   |   |   |   |   |   |   |   |   |   |   |   |   |   |   |   |   |   |   |   |   |   |   |   |   |   |   |   |   |   |   |   |   |   |   |   |   |   |   |   |   |   |   |   |   |   |   |   |   |   |   |   |   |   |   |   |   |
+---+---+---+---+---+---+---+---+---+---+---+---+---+---+---+---+---+---+---+---+---+---+---+---+---+---+---+---+---+---+---+---+---+---+---+---+---+---+---+---+---+---+---+---+---+---+---+---+---+---+---+---+---+---+---+---+---+---+---+---+---+---+---+---+
|204|224|225|216|217|226|221|216|217|207|208|231|204|224|225|228|210|211|208|209|210|211|208|271|208|231|204|205|206|218|210|219|210|219|210|211|208|231|204|205|206|226|221|230|208|209|210|229|217|273|204|295|296|271|208|274|221|216|217|207|208|271|273|204|
|   |   |   |   |   |   |   |   |   |   |   |   |   |   |   |   |   |   |   |   |   |   |   |   |   |   |   |   |   |   |   |   |   |   |   |   |   |   |   |   |   |   |   |   |   |   |   |   |   |   |   |   |   |   |   |   |   |   |   |   |   |   |   |   |
+---+---+---+---+---+---+---+---+---+---+---+---+---+---+---+---+---+---+---+---+---+---+---+---+---+---+---+---+---+---+---+---+---+---+---+---+---+---+---+---+---+---+---+---+---+---+---+---+---+---+---+---+---+---+---+---+---+---+---+---+---+---+---+---+
|154|250|276|369|190|384|187|375|261|303|184|265|154|359|360|278|160|239|184|185|182|157|158|385|184|265|154|179|368|386|177|340|182|193|160|197|158|270|154|179|180|171|172|317|158|289|177|259|261|290|154|300|301|385|184|351|254|349|170|237|184|371|387|154|
|   |   |   |   |   |   |   |   |   |   |   |   |   |   |   |   |   |   |   |   |   |   |   |   |   |   |   |   |   |   |   |   |   |   |   |   |   |   |   |   |   |   |   |   |   |   |   |   |   |   |   |   |   |   |   |   |   |   |   |   |   |   |   |   |
+---+---+---+---+---+---+---+---+---+---+---+---+---+---+---+---+---+---+---+---+---+---+---+---+---+---+---+---+---+---+---+---+---+---+---+---+---+---+---+---+---+---+---+---+---+---+---+---+---+---+---+---+---+---+---+---+---+---+---+---+---+---+---+---+
|204|295|296|209|210|229|217|207|208|274|221|223|204|205|206|218|210|220|221|216|217|207|208|274|221|223|204|295|296|274|221|216|217|218|210|211|208|231|204|224|225|228|210|211|208|274|221|230|208|231|204|295|296|274|221|230|208|272|217|226|221|216|275|204|
|   |   |   |   |   |   |   |   |   |   |   |   |   |   |   |   |   |   |   |   |   |   |   |   |   |   |   |   |   |   |   |   |   |   |   |   |   |   |   |   |   |   |   |   |   |   |   |   |   |   |   |   |   |   |   |   |   |   |   |   |   |   |   |   |
+---+---+---+---+---+---+---+---+---+---+---+---+---+---+---+---+---+---+---+---+---+---+---+---+---+---+---+---+---+---+---+---+---+---+---+---+---+---+---+---+---+---+---+---+---+---+---+---+---+---+---+---+---+---+---+---+---+---+---+---+---+---+---+---+
|154|300|301|289|177|259|190|370|264|351|172|352|154|179|368|388|162|348|172|174|175|350|264|306|187|249|154|366|367|351|172|389|170|244|160|197|158|270|154|359|360|192|177|157|164|318|172|317|164|319|154|366|367|306|187|199|164|364|170|257|247|375|265|154|
|   |   |   |   |   |   |   |   |   |   |   |   |   |   |   |   |   |   |   |   |   |   |   |   |   |   |   |   |   |   |   |   |   |   |   |   |   |   |   |   |   |   |   |   |   |   |   |   |   |   |   |   |   |   |   |   |   |   |   |   |   |   |   |   |
+---+---+---+---+---+---+---+---+---+---+---+---+---+---+---+---+---+---+---+---+---+---+---+---+---+---+---+---+---+---+---+---+---+---+---+---+---+---+---+---+---+---+---+---+---+---+---+---+---+---+---+---+---+---+---+---+---+---+---+---+---+---+---+---+
|204|295|296|274|221|228|210|229|217|218|210|324|204|295|296|271|208|209|210|220|221|216|217|227|217|273|204|205|206|218|210|229|217|218|210|211|208|231|204|205|206|226|221|228|210|219|210|219|210|324|204|205|206|227|217|218|210|229|217|226|221|230|273|204|
|   |   |   |   |   |   |   |   |   |   |   |   |   |   |   |   |   |   |   |   |   |   |   |   |   |   |   |   |   |   |   |   |   |   |   |   |   |   |   |   |   |   |   |   |   |   |   |   |   |   |   |   |   |   |   |   |   |   |   |   |   |   |   |   |
+---+---+---+---+---+---+---+---+---+---+---+---+---+---+---+---+---+---+---+---+---+---+---+---+---+---+---+---+---+---+---+---+---+---+---+---+---+---+---+---+---+---+---+---+---+---+---+---+---+---+---+---+---+---+---+---+---+---+---+---+---+---+---+---+
|154|300|301|382|172|390|160|266|261|388|162|194|154|300|335|391|184|392|182|282|254|369|190|260|190|309|154|179|180|176|177|169|170|244|160|239|184|265|154|365|316|171|172|390|160|393|182|340|182|178|154|179|368|354|261|388|160|394|170|171|172|317|323|154|
|   |   |   |   |   |   |   |   |   |   |   |   |   |   |   |   |   |   |   |   |   |   |   |   |   |   |   |   |   |   |   |   |   |   |   |   |   |   |   |   |   |   |   |   |   |   |   |   |   |   |   |   |   |   |   |   |   |   |   |   |   |   |   |   |
+---+---+---+---+---+---+---+---+---+---+---+---+---+---+---+---+---+---+---+---+---+---+---+---+---+---+---+---+---+---+---+---+---+---+---+---+---+---+---+---+---+---+---+---+---+---+---+---+---+---+---+---+---+---+---+---+---+---+---+---+---+---+---+---+
|204|295|296|209|210|219|210|211|208|271|208|231|204|232|233|220|221|222|395|207|208|209|210|219|210|324|204|224|225|222|221|216|217|218|210|220|221|223|204|205|206|218|210|219|210|229|217|227|217|273|204|295|296|271|208|209|210|229|217|218|210|219|223|204|
|   |   |   |   |   |   |   |   |   |   |   |   |   |   |   |   |   |   |   |   |   |   |   |   |   |   |   |   |   |   |   |   |   |   |   |   |   |   |   |   |   |   |   |   |   |   |   |   |   |   |   |   |   |   |   |   |   |   |   |   |   |   |   |   |
+---+---+---+---+---+---+---+---+---+---+---+---+---+---+---+---+---+---+---+---+---+---+---+---+---+---+---+---+---+---+---+---+---+---+---+---+---+---+---+---+---+---+---+---+---+---+---+---+---+---+---+---+---+---+---+---+---+---+---+---+---+---+---+---+
|154|300|301|289|177|193|162|396|264|280|184|265|154|195|168|246|247|248|170|362|158|159|160|161|160|372|154|250|276|312|247|284|170|244|160|378|254|346|154|179|180|244|160|161|162|321|175|344|261|290|154|300|301|385|184|238|160|394|170|176|177|193|397|154|
|   |   |   |   |   |   |   |   |   |   |   |   |   |   |   |   |   |   |   |   |   |   |   |   |   |   |   |   |   |   |   |   |   |   |   |   |   |   |   |   |   |   |   |   |   |   |   |   |   |   |   |   |   |   |   |   |   |   |   |   |   |   |   |   |
+---+---+---+---+---+---+---+---+---+---+---+---+---+---+---+---+---+---+---+---+---+---+---+---+---+---+---+---+---+---+---+---+---+---+---+---+---+---+---+---+---+---+---+---+---+---+---+---+---+---+---+---+---+---+---+---+---+---+---+---+---+---+---+---+
|204|295|296|274|221|230|208|272|217|226|221|223|204|224|225|222|221|216|217|207|208|209|210|219|210|324|204|295|296|274|221|216|217|218|210|211|208|231|204|224|225|228|210|211|208|274|221|230|208|231|204|295|296|274|221|228|210|229|217|226|221|230|273|204|
|   |   |   |   |   |   |   |   |   |   |   |   |   |   |   |   |   |   |   |   |   |   |   |   |   |   |   |   |   |   |   |   |   |   |   |   |   |   |   |   |   |   |   |   |   |   |   |   |   |   |   |   |   |   |   |   |   |   |   |   |   |   |   |   |
+---+---+---+---+---+---+---+---+---+---+---+---+---+---+---+---+---+---+---+---+---+---+---+---+---+---+---+---+---+---+---+---+---+---+---+---+---+---+---+---+---+---+---+---+---+---+---+---+---+---+---+---+---+---+---+---+---+---+---+---+---+---+---+---+
|154|300|335|318|172|398|184|189|190|253|172|352|154|250|251|304|187|375|261|267|164|330|177|193|162|194|154|366|367|351|172|389|170|244|160|197|158|270|154|359|360|192|177|157|164|318|172|263|264|265|154|300|301|399|247|192|177|353|175|257|247|188|387|154|
|   |   |   |   |   |   |   |   |   |   |   |   |   |   |   |   |   |   |   |   |   |   |   |   |   |   |   |   |   |   |   |   |   |   |   |   |   |   |   |   |   |   |   |   |   |   |   |   |   |   |   |   |   |   |   |   |   |   |   |   |   |   |   |   |
+---+---+---+---+---+---+---+---+---+---+---+---+---+---+---+---+---+---+---+---+---+---+---+---+---+---+---+---+---+---+---+---+---+---+---+---+---+---+---+---+---+---+---+---+---+---+---+---+---+---+---+---+---+---+---+---+---+---+---+---+---+---+---+---+
|204|232|233|219|210|220|221|228|210|219|210|324|204|232|233|229|217|207|208|209|210|220|221|230|208|231|204|205|206|218|210|229|217|218|210|211|208|231|204|205|206|226|221|228|210|219|210|229|217|273|204|295|296|274|221|222|221|222|221|222|221|222|342|204|
|   |   |   |   |   |   |   |   |   |   |   |   |   |   |   |   |   |   |   |   |   |   |   |   |   |   |   |   |   |   |   |   |   |   |   |   |   |   |   |   |   |   |   |   |   |   |   |   |   |   |   |   |   |   |   |   |   |   |   |   |   |   |   |   |
+---+---+---+---+---+---+---+---+---+---+---+---+---+---+---+---+---+---+---+---+---+---+---+---+---+---+---+---+---+---+---+---+---+---+---+---+---+---+---+---+---+---+---+---+---+---+---+---+---+---+---+---+---+---+---+---+---+---+---+---+---+---+---+---+
|154|195|291|334|177|186|187|258|182|286|177|178|154|195|168|259|190|370|264|185|182|186|187|305|264|265|154|179|180|176|177|169|170|244|160|239|184|265|154|365|316|171|172|390|160|393|182|259|261|290|154|300|320|306|187|307|254|312|247|288|247|307|265|154|
|   |   |   |   |   |   |   |   |   |   |   |   |   |   |   |   |   |   |   |   |   |   |   |   |   |   |   |   |   |   |   |   |   |   |   |   |   |   |   |   |   |   |   |   |   |   |   |   |   |   |   |   |   |   |   |   |   |   |   |   |   |   |   |   |
+---+---+---+---+---+---+---+---+---+---+---+---+---+---+---+---+---+---+---+---+---+---+---+---+---+---+---+---+---+---+---+---+---+---+---+---+---+---+---+---+---+---+---+---+---+---+---+---+---+---+---+---+---+---+---+---+---+---+---+---+---+---+---+---+
|204|295|296|274|221|216|217|227|217|226|221|223|204|224|225|228|210|229|400|401|217|402|403|404|403|405|204|224|225|222|221|216|217|218|210|406|407|408|204|409|410|411|412|413|210|229|217|207|208|231|204|224|225|216|217|207|208|274|221|222|221|228|223|204|
|   |   |   |   |   |   |   |   |   |   |   |   |   |   |   |   |   |   |   |   |   |   |   |   |   |   |   |   |   |   |   |   |   |   |   |   |   |   |   |   |   |   |   |   |   |   |   |   |   |   |   |   |   |   |   |   |   |   |   |   |   |   |   |   |
+---+---+---+---+---+---+---+---+---+---+---+---+---+---+---+---+---+---+---+---+---+---+---+---+---+---+---+---+---+---+---+---+---+---+---+---+---+---+---+---+---+---+---+---+---+---+---+---+---+---+---+---+---+---+---+---+---+---+---+---+---+---+---+---+
|154|300|301|382|254|369|261|376|175|171|254|346|154|250|276|379|162|321|414|302|190|347|160|161|160|372|154|250|251|283|247|375|261|345|182|282|261|290|154|155|156|259|190|333|177|169|170|362|158|270|154|250|276|255|175|362|164|198|187|288|247|278|397|154|
|   |   |   |   |   |   |   |   |   |   |   |   |   |   |   |   |   |   |   |   |   |   |   |   |   |   |   |   |   |   |   |   |   |   |   |   |   |   |   |   |   |   |   |   |   |   |   |   |   |   |   |   |   |   |   |   |   |   |   |   |   |   |   |   |
+---+---+---+---+---+---+---+---+---+---+---+---+---+---+---+---+---+---+---+---+---+---+---+---+---+---+---+---+---+---+---+---+---+---+---+---+---+---+---+---+---+---+---+---+---+---+---+---+---+---+---+---+---+---+---+---+---+---+---+---+---+---+---+---+
|204|295|296|271|208|271|208|274|221|230|208|231|204|295|296|271|208|274|415|209|210|219|210|219|210|324|204|232|233|220|221|230|208|272|217|207|208|231|204|205|206|218|210|220|221|216|217|207|208|231|204|295|296|274|221|228|210|229|217|226|221|230|273|204|
|   |   |   |   |   |   |   |   |   |   |   |   |   |   |   |   |   |   |   |   |   |   |   |   |   |   |   |   |   |   |   |   |   |   |   |   |   |   |   |   |   |   |   |   |   |   |   |   |   |   |   |   |   |   |   |   |   |   |   |   |   |   |   |   |
+---+---+---+---+---+---+---+---+---+---+---+---+---+---+---+---+---+---+---+---+---+---+---+---+---+---+---+---+---+---+---+---+---+---+---+---+---+---+---+---+---+---+---+---+---+---+---+---+---+---+---+---+---+---+---+---+---+---+---+---+---+---+---+---+
|154|300|301|200|164|381|164|318|254|355|158|270|154|300|335|391|184|336|416|392|177|193|160|161|160|372|154|195|168|186|187|305|264|343|175|362|158|270|154|179|180|244|162|348|254|369|261|417|264|265|154|300|301|399|247|192|177|353|175|257|247|188|387|154|
|   |   |   |   |   |   |   |   |   |   |   |   |   |   |   |   |   |   |   |   |   |   |   |   |   |   |   |   |   |   |   |   |   |   |   |   |   |   |   |   |   |   |   |   |   |   |   |   |   |   |   |   |   |   |   |   |   |   |   |   |   |   |   |   |
+---+---+---+---+---+---+---+---+---+---+---+---+---+---+---+---+---+---+---+---+---+---+---+---+---+---+---+---+---+---+---+---+---+---+---+---+---+---+---+---+---+---+---+---+---+---+---+---+---+---+---+---+---+---+---+---+---+---+---+---+---+---+---+---+
|204|295|296|209|210|219|210|211|208|271|208|231|204|232|233|220|221|222|221|222|221|228|210|219|210|324|204|224|225|216|217|227|217|226|221|230|208|231|204|224|225|230|208|271|208|271|208|272|217|273|204|295|296|274|221|222|221|222|221|222|221|222|342|204|
|   |   |   |   |   |   |   |   |   |   |   |   |   |   |   |   |   |   |   |   |   |   |   |   |   |   |   |   |   |   |   |   |   |   |   |   |   |   |   |   |   |   |   |   |   |   |   |   |   |   |   |   |   |   |   |   |   |   |   |   |   |   |   |   |
+---+---+---+---+---+---+---+---+---+---+---+---+---+---+---+---+---+---+---+---+---+---+---+---+---+---+---+---+---+---+---+---+---+---+---+---+---+---+---+---+---+---+---+---+---+---+---+---+---+---+---+---+---+---+---+---+---+---+---+---+---+---+---+---+
|154|300|301|289|177|193|162|396|264|280|184|265|154|195|168|246|247|248|187|307|254|379|160|161|160|372|154|250|251|252|261|376|175|171|254|355|164|319|154|250|418|188|184|322|164|419|264|189|261|290|154|300|320|306|187|307|254|312|247|288|247|307|265|154|
|   |   |   |   |   |   |   |   |   |   |   |   |   |   |   |   |   |   |   |   |   |   |   |   |   |   |   |   |   |   |   |   |   |   |   |   |   |   |   |   |   |   |   |   |   |   |   |   |   |   |   |   |   |   |   |   |   |   |   |   |   |   |   |   |
+---+---+---+---+---+---+---+---+---+---+---+---+---+---+---+---+---+---+---+---+---+---+---+---+---+---+---+---+---+---+---+---+---+---+---+---+---+---+---+---+---+---+---+---+---+---+---+---+---+---+---+---+---+---+---+---+---+---+---+---+---+---+---+---+
|204|295|296|274|221|230|208|272|217|226|221|223|204|224|225|222|221|216|217|207|208|209|210|219|210|324|204|232|233|211|208|274|221|230|208|209|210|324|204|224|225|222|221|228|210|229|217|207|208|231|204|224|225|216|217|207|208|274|221|222|221|228|223|204|
|   |   |   |   |   |   |   |   |   |   |   |   |   |   |   |   |   |   |   |   |   |   |   |   |   |   |   |   |   |   |   |   |   |   |   |   |   |   |   |   |   |   |   |   |   |   |   |   |   |   |   |   |   |   |   |   |   |   |   |   |   |   |   |   |
+---+---+---+---+---+---+---+---+---+---+---+---+---+---+---+---+---+---+---+---+---+---+---+---+---+---+---+---+---+---+---+---+---+---+---+---+---+---+---+---+---+---+---+---+---+---+---+---+---+---+---+---+---+---+---+---+---+---+---+---+---+---+---+---+
|154|300|335|318|172|398|184|189|190|253|172|352|154|250|251|304|187|375|261|267|164|330|177|193|162|194|154|195|168|420|264|336|247|199|158|159|160|372|154|250|418|307|172|390|160|266|261|267|164|319|154|359|360|375|190|383|158|399|247|248|187|258|341|154|
|   |   |   |   |   |   |   |   |   |   |   |   |   |   |   |   |   |   |   |   |   |   |   |   |   |   |   |   |   |   |   |   |   |   |   |   |   |   |   |   |   |   |   |   |   |   |   |   |   |   |   |   |   |   |   |   |   |   |   |   |   |   |   |   |
+---+---+---+---+---+---+---+---+---+---+---+---+---+---+---+---+---+---+---+---+---+---+---+---+---+---+---+---+---+---+---+---+---+---+---+---+---+---+---+---+---+---+---+---+---+---+---+---+---+---+---+---+---+---+---+---+---+---+---+---+---+---+---+---+
|204|232|233|219|210|220|221|228|210|219|210|324|204|232|233|229|217|207|208|209|210|220|221|230|208|231|204|224|225|216|217|226|221|230|208|209|210|324|204|224|225|228|210|219|210|211|208|209|210|324|204|205|206|218|210|211|208|274|221|216|217|227|275|204|
|   |   |   |   |   |   |   |   |   |   |   |   |   |   |   |   |   |   |   |   |   |   |   |   |   |   |   |   |   |   |   |   |   |   |   |   |   |   |   |   |   |   |   |   |   |   |   |   |   |   |   |   |   |   |   |   |   |   |   |   |   |   |   |   |
+---+---+---+---+---+---+---+---+---+---+---+---+---+---+---+---+---+---+---+---+---+---+---+---+---+---+---+---+---+---+---+---+---+---+---+---+---+---+---+---+---+---+---+---+---+---+---+---+---+---+---+---+---+---+---+---+---+---+---+---+---+---+---+---+
|154|195|291|334|177|186|187|258|182|286|177|178|154|195|168|259|190|370|264|185|182|186|187|305|264|265|154|250|276|255|175|257|247|188|184|238|162|194|154|359|360|258|182|193|160|197|164|293|182|178|154|179|368|386|177|157|164|198|187|375|261|354|265|154|
|   |   |   |   |   |   |   |   |   |   |   |   |   |   |   |   |   |   |   |   |   |   |   |   |   |   |   |   |   |   |   |   |   |   |   |   |   |   |   |   |   |   |   |   |   |   |   |   |   |   |   |   |   |   |   |   |   |   |   |   |   |   |   |   |
+---+---+---+---+---+---+---+---+---+---+---+---+---+---+---+---+---+---+---+---+---+---+---+---+---+---+---+---+---+---+---+---+---+---+---+---+---+---+---+---+---+---+---+---+---+---+---+---+---+---+---+---+---+---+---+---+---+---+---+---+---+---+---+---+
|204|295|296|274|221|216|217|227|217|226|221|223|204|224|225|228|210|229|217|227|217|227|217|227|217|273|204|295|296|274|221|222|221|222|221|230|208|231|204|205|206|227|217|218|210|219|210|229|217|273|204|295|296|274|221|228|210|229|217|207|208|271|273|204|
|   |   |   |   |   |   |   |   |   |   |   |   |   |   |   |   |   |   |   |   |   |   |   |   |   |   |   |   |   |   |   |   |   |   |   |   |   |   |   |   |   |   |   |   |   |   |   |   |   |   |   |   |   |   |   |   |   |   |   |   |   |   |   |   |
+---+---+---+---+---+---+---+---+---+---+---+---+---+---+---+---+---+---+---+---+---+---+---+---+---+---+---+---+---+---+---+---+---+---+---+---+---+---+---+---+---+---+---+---+---+---+---+---+---+---+---+---+---+---+---+---+---+---+---+---+---+---+---+---+
|154|300|301|382|254|369|261|376|175|171|254|346|154|250|276|379|162|321|175|344|190|260|261|354|261|290|154|300|301|382|254|277|187|248|187|188|184|265|154|179|338|421|175|244|162|339|182|169|170|285|154|366|367|351|254|379|162|294|190|422|184|322|323|154|
|   |   |   |   |   |   |   |   |   |   |   |   |   |   |   |   |   |   |   |   |   |   |   |   |   |   |   |   |   |   |   |   |   |   |   |   |   |   |   |   |   |   |   |   |   |   |   |   |   |   |   |   |   |   |   |   |   |   |   |   |   |   |   |   |
+---+---+---+---+---+---+---+---+---+---+---+---+---+---+---+---+---+---+---+---+---+---+---+---+---+---+---+---+---+---+---+---+---+---+---+---+---+---+---+---+---+---+---+---+---+---+---+---+---+---+---+---+---+---+---+---+---+---+---+---+---+---+---+---+
|204|295|296|271|208|271|208|274|221|230|208|231|204|295|296|271|208|274|221|228|210|211|208|271|208|231|204|295|296|271|208|272|217|227|217|226|221|223|204|232|233|220|221|230|208|272|217|227|217|273|204|205|206|207|208|271|208|209|210|220|221|230|273|204|
|   |   |   |   |   |   |   |   |   |   |   |   |   |   |   |   |   |   |   |   |   |   |   |   |   |   |   |   |   |   |   |   |   |   |   |   |   |   |   |   |   |   |   |   |   |   |   |   |   |   |   |   |   |   |   |   |   |   |   |   |   |   |   |   |
+---+---+---+---+---+---+---+---+---+---+---+---+---+---+---+---+---+---+---+---+---+---+---+---+---+---+---+---+---+---+---+---+---+---+---+---+---+---+---+---+---+---+---+---+---+---+---+---+---+---+---+---+---+---+---+---+---+---+---+---+---+---+---+---+
|154|300|320|322|158|200|164|318|254|355|164|319|154|300|301|329|264|336|247|278|160|197|164|381|164|319|154|300|301|200|158|302|190|260|190|253|172|352|154|195|168|282|254|423|184|424|170|357|170|285|154|179|180|350|264|280|184|238|162|348|254|355|323|154|
|   |   |   |   |   |   |   |   |   |   |   |   |   |   |   |   |   |   |   |   |   |   |   |   |   |   |   |   |   |   |   |   |   |   |   |   |   |   |   |   |   |   |   |   |   |   |   |   |   |   |   |   |   |   |   |   |   |   |   |   |   |   |   |   |
+---+---+---+---+---+---+---+---+---+---+---+---+---+---+---+---+---+---+---+---+---+---+---+---+---+---+---+---+---+---+---+---+---+---+---+---+---+---+---+---+---+---+---+---+---+---+---+---+---+---+---+---+---+---+---+---+---+---+---+---+---+---+---+---+
|204|224|225|230|208|209|210|211|208|209|210|324|204|295|296|272|217|226|221|228|210|219|210|219|210|324|204|295|296|271|208|209|210|219|210|219|210|324|204|224|225|230|208|274|221|216|217|227|217|273|204|224|225|216|217|226|221|230|208|271|208|271|273|204|
|   |   |   |   |   |   |   |   |   |   |   |   |   |   |   |   |   |   |   |   |   |   |   |   |   |   |   |   |   |   |   |   |   |   |   |   |   |   |   |   |   |   |   |   |   |   |   |   |   |   |   |   |   |   |   |   |   |   |   |   |   |   |   |   |
+---+---+---+---+---+---+---+---+---+---+---+---+---+---+---+---+---+---+---+---+---+---+---+---+---+---+---+---+---+---+---+---+---+---+---+---+---+---+---+---+---+---+---+---+---+---+---+---+---+---+---+---+---+---+---+---+---+---+---+---+---+---+---+---+
|154|250|251|317|164|293|182|157|158|159|160|372|154|366|367|343|175|171|254|379|162|339|182|340|182|178|154|300|320|322|158|159|162|334|177|286|177|178|154|250|251|317|158|382|172|389|170|344|190|309|154|250|276|255|175|171|172|263|264|322|164|381|323|154|
|   |   |   |   |   |   |   |   |   |   |   |   |   |   |   |   |   |   |   |   |   |   |   |   |   |   |   |   |   |   |   |   |   |   |   |   |   |   |   |   |   |   |   |   |   |   |   |   |   |   |   |   |   |   |   |   |   |   |   |   |   |   |   |   |
+---+---+---+---+---+---+---+---+---+---+---+---+---+---+---+---+---+---+---+---+---+---+---+---+---+---+---+---+---+---+---+---+---+---+---+---+---+---+---+---+---+---+---+---+---+---+---+---+---+---+---+---+---+---+---+---+---+---+---+---+---+---+---+---+
|204|232|233|219|210|229|217|207|208|209|210|324|204|205|206|425|221|230|208|271|208|272|217|227|217|273|204|224|225|230|208|271|208|274|221|222|221|223|204|232|233|211|208|209|210|229|217|218|210|324|204|295|296|274|221|228|210|229|217|426|210|211|273|204|
|   |   |   |   |   |   |   |   |   |   |   |   |   |   |   |   |   |   |   |   |   |   |   |   |   |   |   |   |   |   |   |   |   |   |   |   |   |   |   |   |   |   |   |   |   |   |   |   |   |   |   |   |   |   |   |   |   |   |   |   |   |   |   |   |
+---+---+---+---+---+---+---+---+---+---+---+---+---+---+---+---+---+---+---+---+---+---+---+---+---+---+---+---+---+---+---+---+---+---+---+---+---+---+---+---+---+---+---+---+---+---+---+---+---+---+---+---+---+---+---+---+---+---+---+---+---+---+---+---+
|154|195|168|193|162|321|175|237|184|238|162|194|154|179|338|253|254|423|184|371|264|424|170|256|175|285|154|359|360|188|184|280|184|336|247|307|254|346|154|155|156|183|184|392|177|259|190|347|162|194|154|300|301|382|254|379|162|294|190|427|182|183|387|154|
|   |   |   |   |   |   |   |   |   |   |   |   |   |   |   |   |   |   |   |   |   |   |   |   |   |   |   |   |   |   |   |   |   |   |   |   |   |   |   |   |   |   |   |   |   |   |   |   |   |   |   |   |   |   |   |   |   |   |   |   |   |   |   |   |
+---+---+---+---+---+---+---+---+---+---+---+---+---+---+---+---+---+---+---+---+---+---+---+---+---+---+---+---+---+---+---+---+---+---+---+---+---+---+---+---+---+---+---+---+---+---+---+---+---+---+---+---+---+---+---+---+---+---+---+---+---+---+---+---+
|204|224|225|230|208|274|221|222|221|230|208|231|204|232|233|211|208|274|221|216|217|227|217|226|221|223|204|205|206|226|221|222|221|222|221|230|208|231|204|205|206|226|221|222|221|228|210|211|208|231|204|295|296|428|208|271|208|209|210|429|217|226|342|204|
|   |   |   |   |   |   |   |   |   |   |   |   |   |   |   |   |   |   |   |   |   |   |   |   |   |   |   |   |   |   |   |   |   |   |   |   |   |   |   |   |   |   |   |   |   |   |   |   |   |   |   |   |   |   |   |   |   |   |   |   |   |   |   |   |
+---+---+---+---+---+---+---+---+---+---+---+---+---+---+---+---+---+---+---+---+---+---+---+---+---+---+---+---+---+---+---+---+---+---+---+---+---+---+---+---+---+---+---+---+---+---+---+---+---+---+---+---+---+---+---+---+---+---+---+---+---+---+---+---+
|154|250|276|423|184|336|247|248|187|199|158|270|154|155|156|157|164|198|187|375|261|430|170|257|247|431|166|432|338|384|187|248|187|248|187|199|164|319|154|179|180|377|187|307|254|379|162|396|264|433|166|434|301|329|264|371|264|238|162|435|170|171|265|154|
|   |   |   |   |   |   |   |   |   |   |   |   |   |   |   |   |   |   |   |   |   |   |   |   |   |   |   |   |   |   |   |   |   |   |   |   |   |   |   |   |   |   |   |   |   |   |   |   |   |   |   |   |   |   |   |   |   |   |   |   |   |   |   |   |
+---+---+---+---+---+---+---+---+---+---+---+---+---+---+---+---+---+---+---+---+---+---+---+---+---+---+---+---+---+---+---+---+---+---+---+---+---+---+---+---+---+---+---+---+---+---+---+---+---+---+---+---+---+---+---+---+---+---+---+---+---+---+---+---+
|204|295|296|274|221|222|221|216|217|207|208|231|204|205|206|218|210|229|217|207|208|272|217|226|221|436|213|437|438|229|217|227|217|227|217|218|210|324|204|224|225|216|217|207|208|271|208|272|217|439|213|440|441|272|217|227|217|207|208|272|217|218|223|204|
|   |   |   |   |   |   |   |   |   |   |   |   |   |   |   |   |   |   |   |   |   |   |   |   |   |   |   |   |   |   |   |   |   |   |   |   |   |   |   |   |   |   |   |   |   |   |   |   |   |   |   |   |   |   |   |   |   |   |   |   |   |   |   |   |
+---+---+---+---+---+---+---+---+---+---+---+---+---+---+---+---+---+---+---+---+---+---+---+---+---+---+---+---+---+---+---+---+---+---+---+---+---+---+---+---+---+---+---+---+---+---+---+---+---+---+---+---+---+---+---+---+---+---+---+---+---+---+---+---+
|154|300|335|198|187|248|187|375|190|370|264|265|154|179|338|347|160|266|190|370|264|424|170|377|187|442|443|444|182|259|261|354|190|260|190|347|160|372|154|250|418|375|190|383|164|419|264|189|261|445|443|446|184|189|190|421|175|362|158|447|170|176|341|154|
|   |   |   |   |   |   |   |   |   |   |   |   |   |   |   |   |   |   |   |   |   |   |   |   |   |   |   |   |   |   |   |   |   |   |   |   |   |   |   |   |   |   |   |   |   |   |   |   |   |   |   |   |   |   |   |   |   |   |   |   |   |   |   |   |
+---+---+---+---+---+---+---+---+---+---+---+---+---+---+---+---+---+---+---+---+---+---+---+---+---+---+---+---+---+---+---+---+---+---+---+---+---+---+---+---+---+---+---+---+---+---+---+---+---+---+---+---+---+---+---+---+---+---+---+---+---+---+---+---+
|204|232|233|229|217|227|217|218|210|229|217|273|204|232|233|219|210|219|210|229|217|227|217|227|217|218|210|229|217|207|208|209|210|219|210|219|210|324|204|224|225|228|210|219|210|229|217|207|208|209|210|220|221|228|210|220|221|230|208|272|217|226|342|204|
|   |   |   |   |   |   |   |   |   |   |   |   |   |   |   |   |   |   |   |   |   |   |   |   |   |   |   |   |   |   |   |   |   |   |   |   |   |   |   |   |   |   |   |   |   |   |   |   |   |   |   |   |   |   |   |   |   |   |   |   |   |   |   |   |
+---+---+---+---+---+---+---+---+---+---+---+---+---+---+---+---+---+---+---+---+---+---+---+---+---+---+---+---+---+---+---+---+---+---+---+---+---+---+---+---+---+---+---+---+---+---+---+---+---+---+---+---+---+---+---+---+---+---+---+---+---+---+---+---+
|154|195|196|266|261|354|190|333|177|259|190|309|154|195|168|193|162|334|177|353|175|344|261|354|190|347|160|266|261|417|264|238|162|339|182|193|160|372|154|250|418|192|177|193|160|266|261|267|164|330|177|186|187|278|162|348|254|355|158|302|190|253|265|154|
|   |   |   |   |   |   |   |   |   |   |   |   |   |   |   |   |   |   |   |   |   |   |   |   |   |   |   |   |   |   |   |   |   |   |   |   |   |   |   |   |   |   |   |   |   |   |   |   |   |   |   |   |   |   |   |   |   |   |   |   |   |   |   |   |
+---+---+---+---+---+---+---+---+---+---+---+---+---+---+---+---+---+---+---+---+---+---+---+---+---+---+---+---+---+---+---+---+---+---+---+---+---+---+---+---+---+---+---+---+---+---+---+---+---+---+---+---+---+---+---+---+---+---+---+---+---+---+---+---+
|204|232|233|211|208|209|210|220|221|228|210|324|204|224|225|230|208|274|221|222|221|230|208|209|210|219|210|211|208|272|217|207|208|272|217|218|210|324|204|224|225|222|221|228|210|211|208|209|210|220|221|216|217|207|208|271|208|271|208|209|210|219|223|204|
|   |   |   |   |   |   |   |   |   |   |   |   |   |   |   |   |   |   |   |   |   |   |   |   |   |   |   |   |   |   |   |   |   |   |   |   |   |   |   |   |   |   |   |   |   |   |   |   |   |   |   |   |   |   |   |   |   |   |   |   |   |   |   |   |
+---+---+---+---+---+---+---+---+---+---+---+---+---+---+---+---+---+---+---+---+---+---+---+---+---+---+---+---+---+---+---+---+---+---+---+---+---+---+---+---+---+---+---+---+---+---+---+---+---+---+---+---+---+---+---+---+---+---+---+---+---+---+---+---+
|154|195|196|197|164|268|162|348|254|448|182|178|154|250|276|423|184|351|172|283|247|188|184|392|177|193|162|163|164|449|261|267|158|302|190|347|160|372|154|250|418|307|254|379|160|197|164|293|182|282|172|252|261|417|264|322|158|385|184|238|162|339|341|154|
|   |   |   |   |   |   |   |   |   |   |   |   |   |   |   |   |   |   |   |   |   |   |   |   |   |   |   |   |   |   |   |   |   |   |   |   |   |   |   |   |   |   |   |   |   |   |   |   |   |   |   |   |   |   |   |   |   |   |   |   |   |   |   |   |
+---+---+---+---+---+---+---+---+---+---+---+---+---+---+---+---+---+---+---+---+---+---+---+---+---+---+---+---+---+---+---+---+---+---+---+---+---+---+---+---+---+---+---+---+---+---+---+---+---+---+---+---+---+---+---+---+---+---+---+---+---+---+---+---+
|204|232|233|219|210|211|208|271|208|272|217|273|204|295|296|274|221|228|210|220|221|222|221|222|221|230|208|209|210|211|208|271|208|209|210|219|210|324|204|224|225|230|208|209|210|219|210|229|217|218|210|211|208|272|217|207|208|274|221|230|208|272|275|204|
|   |   |   |   |   |   |   |   |   |   |   |   |   |   |   |   |   |   |   |   |   |   |   |   |   |   |   |   |   |   |   |   |   |   |   |   |   |   |   |   |   |   |   |   |   |   |   |   |   |   |   |   |   |   |   |   |   |   |   |   |   |   |   |   |
+---+---+---+---+---+---+---+---+---+---+---+---+---+---+---+---+---+---+---+---+---+---+---+---+---+---+---+---+---+---+---+---+---+---+---+---+---+---+---+---+---+---+---+---+---+---+---+---+---+---+---+---+---+---+---+---+---+---+---+---+---+---+---+---+
|154|195|291|334|177|420|264|371|264|189|261|290|154|450|335|198|187|258|182|246|247|307|172|173|172|317|158|159|160|197|158|385|184|238|162|334|177|178|154|451|251|317|164|268|162|339|182|169|170|244|160|197|164|361|175|362|158|452|187|305|264|343|270|154|
|   |   |   |   |   |   |   |   |   |   |   |   |   |   |   |   |   |   |   |   |   |   |   |   |   |   |   |   |   |   |   |   |   |   |   |   |   |   |   |   |   |   |   |   |   |   |   |   |   |   |   |   |   |   |   |   |   |   |   |   |   |   |   |   |
+---+---+---+---+---+---+---+---+---+---+---+---+---+---+---+---+---+---+---+---+---+---+---+---+---+---+---+---+---+---+---+---+---+---+---+---+---+---+---+---+---+---+---+---+---+---+---+---+---+---+---+---+---+---+---+---+---+---+---+---+---+---+---+---+
|204|295|453|454|455|456|457|458|457|459|460|461|204|462|463|464|457|458|457|465|455|466|467|468|467|469|460|470|467|469|460|454|455|471|460|454|455|472|204|462|463|468|467|469|460|473|457|458|457|474|467|468|467|475|455|471|460|473|457|458|457|465|476|204|
|   |   |   |   |   |   |   |   |   |   |   |   |   |   |   |   |   |   |   |   |   |   |   |   |   |   |   |   |   |   |   |   |   |   |   |   |   |   |   |   |   |   |   |   |   |   |   |   |   |   |   |   |   |   |   |   |   |   |   |   |   |   |   |   |
+---+---+---+---+---+---+---+---+---+---+---+---+---+---+---+---+---+---+---+---+---+---+---+---+---+---+---+---+---+---+---+---+---+---+---+---+---+---+---+---+---+---+---+---+---+---+---+---+---+---+---+---+---+---+---+---+---+---+---+---+---+---+---+---+
|477|478|479|480|481|482|483|484|483|485|479|486|477|487|488|482|483|484|483|489|481|490|488|490|488|491|479|490|488|491|479|480|481|491|479|480|481|492|477|487|488|490|488|491|479|482|483|484|483|493|488|490|488|480|481|491|479|482|483|484|483|489|486|477|
|   |   |   |   |   |   |   |   |   |   |   |   |   |   |   |   |   |   |   |   |   |   |   |   |   |   |   |   |   |   |   |   |   |   |   |   |   |   |   |   |   |   |   |   |   |   |   |   |   |   |   |   |   |   |   |   |   |   |   |   |   |   |   |   |
+---+---+---+---+---+---+---+---+---+---+---+---+---+---+---+---+---+---+---+---+---+---+---+---+---+---+---+---+---+---+---+---+---+---+---+---+---+---+---+---+---+---+---+---+---+---+---+---+---+---+---+---+---+---+---+---+---+---+---+---+---+---+---+---+
|129|129|129|129|129|129|129|129|129|129|129|129|129|129|129|129|129|129|129|129|129|494|495|129|129|129|129|129|129|129|129|129|129|129|129|129|129|129|129|129|129|129|129|129|129|129|129|129|129|129|129|129|129|129|129|129|129|129|129|129|129|129|129|129|
|   |   |   |   |   |   |   |   |   |   |   |   |   |   |   |   |   |   |   |   |   |   |   |   |   |   |   |   |   |   |   |   |   |   |   |   |   |   |   |   |   |   |   |   |   |   |   |   |   |   |   |   |   |   |   |   |   |   |   |   |   |   |   |   |
+---+---+---+---+---+---+---+---+---+---+---+---+---+---+---+---+---+---+---+---+---+---+---+---+---+---+---+---+---+---+---+---+---+---+---+---+---+---+---+---+---+---+---+---+---+---+---+---+---+---+---+---+---+---+---+---+---+---+---+---+---+---+---+---+

Unique tiles: 368

Tile# Count Position
 128      1 (0,0)
 129     63
 130      1 (0,1)
 131      1 (1,1)
 132      1 (2,1)
 133      1 (3,1)
 134      1 (4,1)
 135      1 (5,1)
 136      5
 137      4
 138      1 (15,1)
 139      1 (16,1)
 140      1 (17,1)
 141      3
 142      2
 143      2
 144      2
 145      1 (27,1)
 146      7
 147      4
 148     12
 149      4
 150      5
 151      1 (60,1)
 152      1 (61,1)
 153      2
 154      1 (0,2)
 155      1 (1,2)
 156      1 (2,2)
 157      1 (3,2)
 158      1 (4,2)
 159      1 (5,2)
 160      1 (6,2)
 161      1 (7,2)
 162      1 (8,2)
 163      1 (9,2)
 164      1 (10,2)
 165      1 (11,2)
 166      1 (12,2)
 167      1 (13,2)
 168      1 (14,2)
 169      1 (15,2)
 170      1 (16,2)
 171      1 (17,2)
 172      1 (18,2)
 173      2
 174      1 (21,2)
 175      1 (22,2)
 176      1 (23,2)
 177      1 (24,2)
 178      2
 179      1 (27,2)
 180      1 (28,2)
 181      1 (29,2)
 182      1 (30,2)
 183      1 (31,2)
 184      1 (32,2)
 185      2
 186      1 (35,2)
 187      1 (36,2)
 188      2
 189      1 (39,2)
 190      1 (40,2)
 191      4
 192      2
 193      2
 194      2
 195      1 (51,2)
 196      1 (52,2)
 197      2
 198      2
 199      2
 200      1 (59,2)
 201      1 (60,2)
 202      1 (61,2)
 203      2
 204      1 (0,3)
 205      1 (1,3)
 206      1 (2,3)
 207      1 (3,3)
 208      1 (4,3)
 209      1 (5,3)
 210      1 (6,3)
 211      4
 212      1 (11,3)
 213      1 (12,3)
 214      1 (13,3)
 215      1 (14,3)
 216      1 (15,3)
 217      1 (16,3)
 218      2
 219      2
 220      1 (21,3)
 221      1 (22,3)
 222      2
 223      2
 224      1 (27,3)
 225      3
 226      4
 227      4
 228      2
 229      6
 230      2
 231      2
 232      1 (51,3)
 233      8
 234      1 (60,3)
 235      1 (61,3)
 236      5
 237      2
 238      2
 239      4
 240      1 (11,4)
 241      1 (12,4)
 242      2
 243      2
 244      2
 245      2
 246      1 (21,4)
 247      1 (22,4)
 248      2
 249      2
 250      1 (27,4)
 251      1 (28,4)
 252      2
 253      1 (31,4)
 254      1 (32,4)
 255      2
 256      2
 257      2
 258      2
 259      2
 260      1 (43,4)
 261      1 (44,4)
 262      2
 263      1 (47,4)
 264      1 (48,4)
 265      6
 266      2
 267      2
 268      2
 269      1 (61,4)
 270     13
 271      2
 272     12
 273      8
 274     29
 275      4
 276      1 (2,6)
 277      2
 278      2
 279      4
 280      4
 281      4
 282      2
 283      2
 284      2
 285      4
 286      4
 287      2
 288     10
 289      4
 290      3
 291      1 (52,6)
 292      4
 293      4
 294      4
 295      1 (1,7)
 296     36
 297      1 (38,7)
 298      1 (39,7)
 299     25
 300      1 (1,8)
 301      1 (2,8)
 302      2
 303      6
 304      2
 305      2
 306      2
 307      2
 308      6
 309      4
 310      2
 311      4
 312      2
 313      1 (37,8)
 314      1 (38,8)
 315      1 (39,8)
 316      3
 317      2
 318      4
 319      3
 320      5
 321      4
 322      1 (61,8)
 323     27
 324     10
 325      2
 326      1 (37,9)
 327      1 (38,9)
 328     28
 329      6
 330      2
 331      4
 332      2
 333      6
 334      5
 335      7
 336      4
 337      1 (39,10)
 338      5
 339      2
 340     15
 341     64
 342      5
 343      2
 344      2
 345      4
 346      4
 347      2
 348      2
 349      2
 350      2
 351      2
 352      4
 353      4
 354     10
 355      2
 356      2
 357     52
 358     30
 359      1 (1,14)
 360      5
 361      2
 362      6
 363      4
 364      8
 365     12
 366      1 (39,14)
 367     12
 368      3
 369      2
 370      2
 371     80
 372      4
 373     14
 374     18
 375     12
 376     76
 377      8
 378      2
 379     26
 380     10
 381      2
 382    104
 383    102
 384     18
 385      6
 386     33
 387     81
 388     16
 389    102
 390     10
 391      2
 392     28
 393     12
 394     25
 395     53
 396     55
 397     71
 398     48
 399    157
 400      1 (18,33)
 401      2
 402      1 (21,33)
 403      1 (22,33)
 404      2
 405     10
 406      1 (35,33)
 407      1 (36,33)
 408      2
 409      1 (39,33)
 410      1 (40,33)
 411      1 (41,33)
 412      1 (42,33)
 413     39
 414     64
 415     64
 416     29
 417    121
 418      5
 419    112
 420    268
 421     18
 422    112
 423      2
 424    162
 425     44
 426     64
 427     58
 428      6
 429     26
 430      4
 431      2
 432     22
 433      2
 434      8
 435     30
 436      2
 437      1 (27,53)
 438     21
 439      2
 440      1 (51,53)
 441     37
 442      1 (25,54)
 443      1 (26,54)
 444     22
 445      2
 446      8
 447    206
 448     20
 449    112
 450     26
 451     18
 452      9
 453      1 (2,61)
 454      1 (3,61)
 455      1 (4,61)
 456      1 (5,61)
 457      1 (6,61)
 458      2
 459      1 (9,61)
 460      1 (10,61)
 461      2
 462      1 (13,61)
 463      1 (14,61)
 464      4
 465      2
 466      1 (21,61)
 467      1 (22,61)
 468      2
 469      2
 470      6
 471      4
 472      8
 473      4
 474      4
 475      9
 476      2
 477      1 (0,62)
 478      1 (1,62)
 479      1 (2,62)
 480      1 (3,62)
 481      1 (4,62)
 482      1 (5,62)
 483      1 (6,62)
 484      2
 485      2
 486      2
 487      1 (13,62)
 488      5
 489      2
 490      4
 491     12
 492     12
 493     36
 494      1 (21,63)
 495     42
