+---+---+---+---+---+---+---+---+---+---+---+---+---+---+---+---+---+---+---+---+---+---+---+---+---+---+---+---+---+---+---+---+---+---+---+---+---+---+---+---+---+---+---+---+---+---+---+---+---+---+---+---+---+---+---+---+---+---+---+---+---+---+---+---+
|128|128|128|128|128|128|128|128|128|128|128|128|128|128|128|128|128|128|128|128|128|128|128|128|128|128|128|128|128|128|128|128|128|128|128|128|128|128|128|128|128|128|128|128|128|128|128|128|128|128|128|128|128|128|128|128|128|128|128|128|128|128|128|128|
|   |   |   |   |   |   |   |   |   |   |   |   |   |   |   |   |   |   |   |   |   |   |   |   |   |   |   |   |   |   |   |   |   |   |   |   |   |   |   |   |   |   |   |   |   |   |   |   |   |   |   |   |   |   |   |   |   |   |   |   |   |   |   |   |
+---+---+---+---+---+---+---+---+---+---+---+---+---+---+---+---+---+---+---+---+---+---+---+---+---+---+---+---+---+---+---+---+---+---+---+---+---+---+---+---+---+---+---+---+---+---+---+---+---+---+---+---+---+---+---+---+---+---+---+---+---+---+---+---+
|128|129|130|131|132|133|134|135|136|135|137|138|134|135|137|131|137|131|132|133|134|135|132|135|132|133|134|133|134|135|136|135|132|135|136|135|136|133|134|135|137|131|132|135|137|138|134|135|136|135|132|135|137|138|134|135|136|135|132|133|134|135|139|128|
|   |   |   |   |   |   |   |   |   |   |   |   |   |   |   |   |   |   |   |   |   |   |   |   |   |   |   |   |   |   |   |   |   |   |   |   |   |   |   |   |   |   |   |   |   |   |   |   |   |   |   |   |   |   |   |   |   |   |   |   |   |   |   |   |
+---+---+---+---+---+---+---+---+---+---+---+---+---+---+---+---+---+---+---+---+---+---+---+---+---+---+---+---+---+---+---+---+---+---+---+---+---+---+---+---+---+---+---+---+---+---+---+---+---+---+---+---+---+---+---+---+---+---+---+---+---+---+---+---+
|128|140|141|142|143|144|145|146|147|148|149|150|151|148|152|153|149|154|155|144|151|142|155|156|143|144|151|157|151|146|147|154|155|158|159|146|147|150|145|148|149|142|143|160|149|150|151|161|147|142|155|160|149|150|145|146|147|142|155|144|151|161|162|128|
|   |   |   |   |   |   |   |   |   |   |   |   |   |   |   |   |   |   |   |   |   |   |   |   |   |   |   |   |   |   |   |   |   |   |   |   |   |   |   |   |   |   |   |   |   |   |   |   |   |   |   |   |   |   |   |   |   |   |   |   |   |   |   |   |
+---+---+---+---+---+---+---+---+---+---+---+---+---+---+---+---+---+---+---+---+---+---+---+---+---+---+---+---+---+---+---+---+---+---+---+---+---+---+---+---+---+---+---+---+---+---+---+---+---+---+---+---+---+---+---+---+---+---+---+---+---+---+---+---+
|128|163|164|165|166|167|166|168|169|170|169|171|172|173|166|174|175|176|175|177|172|178|169|165|166|179|172|180|175|181|169|182|175|183|166|179|172|173|166|168|169|184|185|179|172|186|172|180|175|181|169|170|169|165|166|179|172|178|169|171|172|180|187|128|
|   |   |   |   |   |   |   |   |   |   |   |   |   |   |   |   |   |   |   |   |   |   |   |   |   |   |   |   |   |   |   |   |   |   |   |   |   |   |   |   |   |   |   |   |   |   |   |   |   |   |   |   |   |   |   |   |   |   |   |   |   |   |   |   |
+---+---+---+---+---+---+---+---+---+---+---+---+---+---+---+---+---+---+---+---+---+---+---+---+---+---+---+---+---+---+---+---+---+---+---+---+---+---+---+---+---+---+---+---+---+---+---+---+---+---+---+---+---+---+---+---+---+---+---+---+---+---+---+---+
|128|188|189|144|151|150|145|154|155|156|143|158|147|150|151|148|152|153|149|146|147|142|155|144|151|146|147|148|149|154|155|160|152|150|151|146|147|150|145|190|191|192|193|161|147|146|147|148|149|142|155|156|143|144|151|146|159|142|155|158|147|153|162|128|
|   |   |   |   |   |   |   |   |   |   |   |   |   |   |   |   |   |   |   |   |   |   |   |   |   |   |   |   |   |   |   |   |   |   |   |   |   |   |   |   |   |   |   |   |   |   |   |   |   |   |   |   |   |   |   |   |   |   |   |   |   |   |   |   |
+---+---+---+---+---+---+---+---+---+---+---+---+---+---+---+---+---+---+---+---+---+---+---+---+---+---+---+---+---+---+---+---+---+---+---+---+---+---+---+---+---+---+---+---+---+---+---+---+---+---+---+---+---+---+---+---+---+---+---+---+---+---+---+---+
|128|194|195|179|172|173|166|174|175|183|166|179|172|186|172|173|166|174|175|181|169|170|169|170|169|171|172|178|169|182|175|183|166|168|169|171|172|173|166|196|128|197|198|182|175|181|169|171|172|178|169|165|166|179|172|173|166|168|169|170|169|182|187|128|
|   |   |   |   |   |   |   |   |   |   |   |   |   |   |   |   |   |   |   |   |   |   |   |   |   |   |   |   |   |   |   |   |   |   |   |   |   |   |   |   |   |   |   |   |   |   |   |   |   |   |   |   |   |   |   |   |   |   |   |   |   |   |   |   |
+---+---+---+---+---+---+---+---+---+---+---+---+---+---+---+---+---+---+---+---+---+---+---+---+---+---+---+---+---+---+---+---+---+---+---+---+---+---+---+---+---+---+---+---+---+---+---+---+---+---+---+---+---+---+---+---+---+---+---+---+---+---+---+---+
|128|199|193|161|147|150|145|153|149|150|151|146|159|146|147|157|151|153|149|142|155|156|155|200|155|158|147|142|155|201|149|150|145|142|143|202|147|157|151|203|204|205|143|160|149|142|155|158|147|142|155|144|151|161|147|157|151|142|155|156|155|201|162|128|
|   |   |   |   |   |   |   |   |   |   |   |   |   |   |   |   |   |   |   |   |   |   |   |   |   |   |   |   |   |   |   |   |   |   |   |   |   |   |   |   |   |   |   |   |   |   |   |   |   |   |   |   |   |   |   |   |   |   |   |   |   |   |   |   |
+---+---+---+---+---+---+---+---+---+---+---+---+---+---+---+---+---+---+---+---+---+---+---+---+---+---+---+---+---+---+---+---+---+---+---+---+---+---+---+---+---+---+---+---+---+---+---+---+---+---+---+---+---+---+---+---+---+---+---+---+---+---+---+---+
|128|163|164|182|175|183|166|174|175|181|169|165|166|168|169|182|175|176|175|181|169|170|169|182|175|177|172|186|172|180|175|183|166|167|166|174|175|176|175|181|169|165|166|179|172|178|169|170|169|170|169|170|169|180|175|206|207|177|172|178|169|182|187|128|
|   |   |   |   |   |   |   |   |   |   |   |   |   |   |   |   |   |   |   |   |   |   |   |   |   |   |   |   |   |   |   |   |   |   |   |   |   |   |   |   |   |   |   |   |   |   |   |   |   |   |   |   |   |   |   |   |   |   |   |   |   |   |   |   |
+---+---+---+---+---+---+---+---+---+---+---+---+---+---+---+---+---+---+---+---+---+---+---+---+---+---+---+---+---+---+---+---+---+---+---+---+---+---+---+---+---+---+---+---+---+---+---+---+---+---+---+---+---+---+---+---+---+---+---+---+---+---+---+---+
|128|208|209|201|149|157|151|148|149|154|155|144|145|142|155|160|149|148|149|142|155|156|155|201|149|146|159|161|147|153|149|150|145|150|151|148|149|148|152|142|143|144|151|146|147|142|155|200|155|156|155|200|210|211|212|213|141|146|159|142|155|201|162|128|
|   |   |   |   |   |   |   |   |   |   |   |   |   |   |   |   |   |   |   |   |   |   |   |   |   |   |   |   |   |   |   |   |   |   |   |   |   |   |   |   |   |   |   |   |   |   |   |   |   |   |   |   |   |   |   |   |   |   |   |   |   |   |   |   |
+---+---+---+---+---+---+---+---+---+---+---+---+---+---+---+---+---+---+---+---+---+---+---+---+---+---+---+---+---+---+---+---+---+---+---+---+---+---+---+---+---+---+---+---+---+---+---+---+---+---+---+---+---+---+---+---+---+---+---+---+---+---+---+---+
|128|214|215|176|175|176|175|181|169|182|175|183|166|168|169|170|169|170|169|171|172|186|172|180|175|183|166|174|175|176|175|183|166|179|172|186|172|173|166|216|166|179|172|186|172|178|169|182|175|177|172|180|175|217|128|197|218|173|166|168|169|182|187|128|
|   |   |   |   |   |   |   |   |   |   |   |   |   |   |   |   |   |   |   |   |   |   |   |   |   |   |   |   |   |   |   |   |   |   |   |   |   |   |   |   |   |   |   |   |   |   |   |   |   |   |   |   |   |   |   |   |   |   |   |   |   |   |   |   |
+---+---+---+---+---+---+---+---+---+---+---+---+---+---+---+---+---+---+---+---+---+---+---+---+---+---+---+---+---+---+---+---+---+---+---+---+---+---+---+---+---+---+---+---+---+---+---+---+---+---+---+---+---+---+---+---+---+---+---+---+---+---+---+---+
|128|140|219|153|149|148|149|142|155|160|152|150|151|220|155|156|155|156|155|158|159|161|147|153|149|157|151|148|152|153|149|150|145|146|147|161|147|150|145|150|145|146|147|146|147|142|155|201|149|161|147|148|152|203|221|222|147|157|151|142|155|160|162|128|
|   |   |   |   |   |   |   |   |   |   |   |   |   |   |   |   |   |   |   |   |   |   |   |   |   |   |   |   |   |   |   |   |   |   |   |   |   |   |   |   |   |   |   |   |   |   |   |   |   |   |   |   |   |   |   |   |   |   |   |   |   |   |   |   |
+---+---+---+---+---+---+---+---+---+---+---+---+---+---+---+---+---+---+---+---+---+---+---+---+---+---+---+---+---+---+---+---+---+---+---+---+---+---+---+---+---+---+---+---+---+---+---+---+---+---+---+---+---+---+---+---+---+---+---+---+---+---+---+---+
|128|194|195|174|175|177|172|178|169|165|166|179|172|178|169|171|172|186|172|173|166|174|175|176|175|176|175|183|166|174|175|183|166|179|172|180|175|223|185|167|166|179|172|178|169|171|172|180|175|176|175|183|166|167|166|224|207|176|175|177|172|178|225|128|
|   |   |   |   |   |   |   |   |   |   |   |   |   |   |   |   |   |   |   |   |   |   |   |   |   |   |   |   |   |   |   |   |   |   |   |   |   |   |   |   |   |   |   |   |   |   |   |   |   |   |   |   |   |   |   |   |   |   |   |   |   |   |   |   |
+---+---+---+---+---+---+---+---+---+---+---+---+---+---+---+---+---+---+---+---+---+---+---+---+---+---+---+---+---+---+---+---+---+---+---+---+---+---+---+---+---+---+---+---+---+---+---+---+---+---+---+---+---+---+---+---+---+---+---+---+---+---+---+---+
|128|199|226|153|149|161|147|142|143|144|145|146|147|142|155|202|147|161|147|157|151|148|149|153|149|148|149|150|151|148|149|157|151|146|147|211|212|192|193|150|151|146|147|142|155|158|159|153|149|148|149|150|145|227|228|213|219|148|149|146|159|142|229|128|
|   |   |   |   |   |   |   |   |   |   |   |   |   |   |   |   |   |   |   |   |   |   |   |   |   |   |   |   |   |   |   |   |   |   |   |   |   |   |   |   |   |   |   |   |   |   |   |   |   |   |   |   |   |   |   |   |   |   |   |   |   |   |   |   |
+---+---+---+---+---+---+---+---+---+---+---+---+---+---+---+---+---+---+---+---+---+---+---+---+---+---+---+---+---+---+---+---+---+---+---+---+---+---+---+---+---+---+---+---+---+---+---+---+---+---+---+---+---+---+---+---+---+---+---+---+---+---+---+---+
|128|194|195|174|175|176|175|183|166|167|166|168|169|171|172|180|175|176|175|176|175|177|172|180|175|177|172|186|172|186|172|180|175|177|172|230|128|197|198|171|172|186|172|178|169|165|166|174|175|177|172|173|166|196|128|197|231|179|172|173|166|179|232|128|
|   |   |   |   |   |   |   |   |   |   |   |   |   |   |   |   |   |   |   |   |   |   |   |   |   |   |   |   |   |   |   |   |   |   |   |   |   |   |   |   |   |   |   |   |   |   |   |   |   |   |   |   |   |   |   |   |   |   |   |   |   |   |   |   |
+---+---+---+---+---+---+---+---+---+---+---+---+---+---+---+---+---+---+---+---+---+---+---+---+---+---+---+---+---+---+---+---+---+---+---+---+---+---+---+---+---+---+---+---+---+---+---+---+---+---+---+---+---+---+---+---+---+---+---+---+---+---+---+---+
|128|199|226|148|149|148|149|150|151|150|145|142|155|202|147|148|152|148|149|148|149|146|147|148|149|146|147|146|147|146|159|148|149|146|147|203|204|205|143|158|147|146|147|142|155|144|151|148|149|161|147|150|145|233|204|234|151|146|147|150|151|161|162|128|
|   |   |   |   |   |   |   |   |   |   |   |   |   |   |   |   |   |   |   |   |   |   |   |   |   |   |   |   |   |   |   |   |   |   |   |   |   |   |   |   |   |   |   |   |   |   |   |   |   |   |   |   |   |   |   |   |   |   |   |   |   |   |   |   |
+---+---+---+---+---+---+---+---+---+---+---+---+---+---+---+---+---+---+---+---+---+---+---+---+---+---+---+---+---+---+---+---+---+---+---+---+---+---+---+---+---+---+---+---+---+---+---+---+---+---+---+---+---+---+---+---+---+---+---+---+---+---+---+---+
|128|194|195|168|169|171|172|178|169|165|166|168|169|182|175|183|166|179|172|186|172|178|169|170|169|170|169|171|172|173|166|179|172|186|172|178|169|165|166|179|172|186|172|186|172|178|169|170|169|182|175|183|166|174|175|177|172|178|169|170|169|182|187|128|
|   |   |   |   |   |   |   |   |   |   |   |   |   |   |   |   |   |   |   |   |   |   |   |   |   |   |   |   |   |   |   |   |   |   |   |   |   |   |   |   |   |   |   |   |   |   |   |   |   |   |   |   |   |   |   |   |   |   |   |   |   |   |   |   |
+---+---+---+---+---+---+---+---+---+---+---+---+---+---+---+---+---+---+---+---+---+---+---+---+---+---+---+---+---+---+---+---+---+---+---+---+---+---+---+---+---+---+---+---+---+---+---+---+---+---+---+---+---+---+---+---+---+---+---+---+---+---+---+---+
|128|199|226|142|155|158|147|142|143|144|145|154|155|160|149|150|151|146|147|146|147|154|155|156|143|156|143|158|147|150|151|161|147|146|159|142|155|144|145|146|159|146|159|146|159|142|143|156|155|160|152|157|151|148|152|146|147|154|155|156|143|160|162|128|
|   |   |   |   |   |   |   |   |   |   |   |   |   |   |   |   |   |   |   |   |   |   |   |   |   |   |   |   |   |   |   |   |   |   |   |   |   |   |   |   |   |   |   |   |   |   |   |   |   |   |   |   |   |   |   |   |   |   |   |   |   |   |   |   |
+---+---+---+---+---+---+---+---+---+---+---+---+---+---+---+---+---+---+---+---+---+---+---+---+---+---+---+---+---+---+---+---+---+---+---+---+---+---+---+---+---+---+---+---+---+---+---+---+---+---+---+---+---+---+---+---+---+---+---+---+---+---+---+---+
|128|194|195|179|172|178|169|165|166|167|166|174|175|177|172|186|172|178|169|170|169|182|175|183|166|167|166|179|172|178|169|182|175|183|166|168|169|165|166|167|166|167|166|167|166|167|166|179|172|173|166|174|175|183|166|179|172|180|175|223|185|167|235|128|
|   |   |   |   |   |   |   |   |   |   |   |   |   |   |   |   |   |   |   |   |   |   |   |   |   |   |   |   |   |   |   |   |   |   |   |   |   |   |   |   |   |   |   |   |   |   |   |   |   |   |   |   |   |   |   |   |   |   |   |   |   |   |   |   |
+---+---+---+---+---+---+---+---+---+---+---+---+---+---+---+---+---+---+---+---+---+---+---+---+---+---+---+---+---+---+---+---+---+---+---+---+---+---+---+---+---+---+---+---+---+---+---+---+---+---+---+---+---+---+---+---+---+---+---+---+---+---+---+---+
|128|199|193|161|147|154|155|144|151|150|151|153|149|146|147|146|147|154|155|200|155|160|152|150|151|150|145|146|147|154|155|160|149|157|151|142|155|144|151|157|151|157|151|150|151|150|151|161|147|150|145|148|149|150|145|146|147|211|212|192|193|150|162|128|
|   |   |   |   |   |   |   |   |   |   |   |   |   |   |   |   |   |   |   |   |   |   |   |   |   |   |   |   |   |   |   |   |   |   |   |   |   |   |   |   |   |   |   |   |   |   |   |   |   |   |   |   |   |   |   |   |   |   |   |   |   |   |   |   |
+---+---+---+---+---+---+---+---+---+---+---+---+---+---+---+---+---+---+---+---+---+---+---+---+---+---+---+---+---+---+---+---+---+---+---+---+---+---+---+---+---+---+---+---+---+---+---+---+---+---+---+---+---+---+---+---+---+---+---+---+---+---+---+---+
|128|163|164|182|175|176|175|177|172|178|169|182|175|181|169|170|169|182|175|176|175|183|166|168|169|165|166|179|172|180|175|177|172|180|175|181|169|171|172|180|175|176|175|181|169|171|172|180|175|223|185|168|169|165|166|179|172|230|128|197|218|178|225|128|
|   |   |   |   |   |   |   |   |   |   |   |   |   |   |   |   |   |   |   |   |   |   |   |   |   |   |   |   |   |   |   |   |   |   |   |   |   |   |   |   |   |   |   |   |   |   |   |   |   |   |   |   |   |   |   |   |   |   |   |   |   |   |   |   |
+---+---+---+---+---+---+---+---+---+---+---+---+---+---+---+---+---+---+---+---+---+---+---+---+---+---+---+---+---+---+---+---+---+---+---+---+---+---+---+---+---+---+---+---+---+---+---+---+---+---+---+---+---+---+---+---+---+---+---+---+---+---+---+---+
|128|188|209|160|149|153|149|146|147|142|155|201|149|154|155|156|155|201|149|148|152|150|145|142|143|144|145|146|159|148|152|146|147|148|149|142|155|158|147|148|149|148|149|142|143|158|147|211|212|192|226|142|143|236|151|146|159|233|204|237|147|142|229|128|
|   |   |   |   |   |   |   |   |   |   |   |   |   |   |   |   |   |   |   |   |   |   |   |   |   |   |   |   |   |   |   |   |   |   |   |   |   |   |   |   |   |   |   |   |   |   |   |   |   |   |   |   |   |   |   |   |   |   |   |   |   |   |   |   |
+---+---+---+---+---+---+---+---+---+---+---+---+---+---+---+---+---+---+---+---+---+---+---+---+---+---+---+---+---+---+---+---+---+---+---+---+---+---+---+---+---+---+---+---+---+---+---+---+---+---+---+---+---+---+---+---+---+---+---+---+---+---+---+---+
|128|194|238|186|172|180|175|181|169|171|172|180|175|176|175|181|169|182|175|183|166|167|166|167|166|167|166|167|166|167|166|179|172|186|172|178|169|171|172|186|172|186|172|173|166|168|169|239|128|197|231|167|166|174|175|183|166|174|175|181|169|170|225|128|
|   |   |   |   |   |   |   |   |   |   |   |   |   |   |   |   |   |   |   |   |   |   |   |   |   |   |   |   |   |   |   |   |   |   |   |   |   |   |   |   |   |   |   |   |   |   |   |   |   |   |   |   |   |   |   |   |   |   |   |   |   |   |   |   |
+---+---+---+---+---+---+---+---+---+---+---+---+---+---+---+---+---+---+---+---+---+---+---+---+---+---+---+---+---+---+---+---+---+---+---+---+---+---+---+---+---+---+---+---+---+---+---+---+---+---+---+---+---+---+---+---+---+---+---+---+---+---+---+---+
|128|208|240|146|147|148|149|142|155|158|147|153|149|148|152|142|155|201|149|150|145|157|151|150|151|150|145|150|151|150|145|146|147|146|147|142|155|158|159|161|147|146|147|150|151|142|155|241|204|242|151|150|151|153|149|157|151|153|149|142|155|156|229|128|
|   |   |   |   |   |   |   |   |   |   |   |   |   |   |   |   |   |   |   |   |   |   |   |   |   |   |   |   |   |   |   |   |   |   |   |   |   |   |   |   |   |   |   |   |   |   |   |   |   |   |   |   |   |   |   |   |   |   |   |   |   |   |   |   |
+---+---+---+---+---+---+---+---+---+---+---+---+---+---+---+---+---+---+---+---+---+---+---+---+---+---+---+---+---+---+---+---+---+---+---+---+---+---+---+---+---+---+---+---+---+---+---+---+---+---+---+---+---+---+---+---+---+---+---+---+---+---+---+---+
|128|214|215|181|169|170|169|170|169|170|169|182|175|183|166|179|172|180|175|183|166|174|175|177|172|173|166|168|169|165|166|168|169|170|169|171|172|173|166|174|175|181|169|171|172|178|169|182|175|176|175|181|169|182|175|176|175|176|175|181|169|170|225|128|
|   |   |   |   |   |   |   |   |   |   |   |   |   |   |   |   |   |   |   |   |   |   |   |   |   |   |   |   |   |   |   |   |   |   |   |   |   |   |   |   |   |   |   |   |   |   |   |   |   |   |   |   |   |   |   |   |   |   |   |   |   |   |   |   |
+---+---+---+---+---+---+---+---+---+---+---+---+---+---+---+---+---+---+---+---+---+---+---+---+---+---+---+---+---+---+---+---+---+---+---+---+---+---+---+---+---+---+---+---+---+---+---+---+---+---+---+---+---+---+---+---+---+---+---+---+---+---+---+---+
|128|140|219|142|155|156|155|156|155|156|143|160|149|150|145|146|159|148|149|157|151|148|149|146|147|157|151|142|143|144|145|142|155|200|155|202|147|157|151|148|152|154|155|158|147|142|155|201|149|148|149|154|155|160|149|148|149|148|149|142|155|156|229|128|
|   |   |   |   |   |   |   |   |   |   |   |   |   |   |   |   |   |   |   |   |   |   |   |   |   |   |   |   |   |   |   |   |   |   |   |   |   |   |   |   |   |   |   |   |   |   |   |   |   |   |   |   |   |   |   |   |   |   |   |   |   |   |   |   |
+---+---+---+---+---+---+---+---+---+---+---+---+---+---+---+---+---+---+---+---+---+---+---+---+---+---+---+---+---+---+---+---+---+---+---+---+---+---+---+---+---+---+---+---+---+---+---+---+---+---+---+---+---+---+---+---+---+---+---+---+---+---+---+---+
|128|194|195|168|169|171|172|186|172|173|166|243|244|245|185|167|166|168|169|182|175|181|169|171|172|180|175|183|166|167|166|168|169|246|207|176|175|176|175|183|166|174|175|181|169|247|248|182|175|181|169|182|175|177|172|186|172|178|169|170|169|170|225|128|
|   |   |   |   |   |   |   |   |   |   |   |   |   |   |   |   |   |   |   |   |   |   |   |   |   |   |   |   |   |   |   |   |   |   |   |   |   |   |   |   |   |   |   |   |   |   |   |   |   |   |   |   |   |   |   |   |   |   |   |   |   |   |   |   |
+---+---+---+---+---+---+---+---+---+---+---+---+---+---+---+---+---+---+---+---+---+---+---+---+---+---+---+---+---+---+---+---+---+---+---+---+---+---+---+---+---+---+---+---+---+---+---+---+---+---+---+---+---+---+---+---+---+---+---+---+---+---+---+---+
|128|199|193|154|155|158|159|146|159|227|228|249|250|251|193|157|151|142|155|160|149|142|143|158|147|148|149|150|151|150|145|190|191|213|219|148|149|148|149|150|151|148|152|190|191|252|209|160|152|142|155|201|149|161|147|161|147|142|143|156|155|156|229|128|
|   |   |   |   |   |   |   |   |   |   |   |   |   |   |   |   |   |   |   |   |   |   |   |   |   |   |   |   |   |   |   |   |   |   |   |   |   |   |   |   |   |   |   |   |   |   |   |   |   |   |   |   |   |   |   |   |   |   |   |   |   |   |   |   |
+---+---+---+---+---+---+---+---+---+---+---+---+---+---+---+---+---+---+---+---+---+---+---+---+---+---+---+---+---+---+---+---+---+---+---+---+---+---+---+---+---+---+---+---+---+---+---+---+---+---+---+---+---+---+---+---+---+---+---+---+---+---+---+---+
|128|194|238|180|175|183|166|167|166|196|253|128|254|255|256|176|175|177|172|178|169|165|166|179|172|178|169|170|169|165|166|196|128|197|231|179|172|186|172|186|172|173|166|196|128|197|218|173|166|179|172|180|175|176|175|176|175|183|166|179|172|186|232|128|
|   |   |   |   |   |   |   |   |   |   |   |   |   |   |   |   |   |   |   |   |   |   |   |   |   |   |   |   |   |   |   |   |   |   |   |   |   |   |   |   |   |   |   |   |   |   |   |   |   |   |   |   |   |   |   |   |   |   |   |   |   |   |   |   |
+---+---+---+---+---+---+---+---+---+---+---+---+---+---+---+---+---+---+---+---+---+---+---+---+---+---+---+---+---+---+---+---+---+---+---+---+---+---+---+---+---+---+---+---+---+---+---+---+---+---+---+---+---+---+---+---+---+---+---+---+---+---+---+---+
|128|188|240|148|149|150|151|157|151|233|204|257|258|259|149|148|149|161|147|142|155|144|151|146|147|142|143|200|155|144|151|203|204|242|151|161|147|161|147|146|147|150|145|203|204|237|159|157|151|161|147|148|149|148|149|148|152|150|151|161|147|146|162|128|
|   |   |   |   |   |   |   |   |   |   |   |   |   |   |   |   |   |   |   |   |   |   |   |   |   |   |   |   |   |   |   |   |   |   |   |   |   |   |   |   |   |   |   |   |   |   |   |   |   |   |   |   |   |   |   |   |   |   |   |   |   |   |   |   |
+---+---+---+---+---+---+---+---+---+---+---+---+---+---+---+---+---+---+---+---+---+---+---+---+---+---+---+---+---+---+---+---+---+---+---+---+---+---+---+---+---+---+---+---+---+---+---+---+---+---+---+---+---+---+---+---+---+---+---+---+---+---+---+---+
|128|194|238|178|169|170|169|182|175|176|175|181|169|170|169|171|172|180|175|177|172|178|169|171|172|173|166|174|175|177|172|178|169|182|175|176|175|176|175|181|169|165|166|168|169|165|166|224|207|176|175|177|172|186|172|173|166|168|169|182|175|183|235|128|
|   |   |   |   |   |   |   |   |   |   |   |   |   |   |   |   |   |   |   |   |   |   |   |   |   |   |   |   |   |   |   |   |   |   |   |   |   |   |   |   |   |   |   |   |   |   |   |   |   |   |   |   |   |   |   |   |   |   |   |   |   |   |   |   |
+---+---+---+---+---+---+---+---+---+---+---+---+---+---+---+---+---+---+---+---+---+---+---+---+---+---+---+---+---+---+---+---+---+---+---+---+---+---+---+---+---+---+---+---+---+---+---+---+---+---+---+---+---+---+---+---+---+---+---+---+---+---+---+---+
|128|188|240|142|155|156|143|160|149|148|149|142|143|156|155|202|147|148|149|161|147|142|143|158|159|150|151|148|149|146|159|142|143|160|152|148|152|148|152|142|155|236|151|142|155|260|228|213|141|148|152|146|159|146|147|150|151|154|155|160|149|150|162|128|
|   |   |   |   |   |   |   |   |   |   |   |   |   |   |   |   |   |   |   |   |   |   |   |   |   |   |   |   |   |   |   |   |   |   |   |   |   |   |   |   |   |   |   |   |   |   |   |   |   |   |   |   |   |   |   |   |   |   |   |   |   |   |   |   |
+---+---+---+---+---+---+---+---+---+---+---+---+---+---+---+---+---+---+---+---+---+---+---+---+---+---+---+---+---+---+---+---+---+---+---+---+---+---+---+---+---+---+---+---+---+---+---+---+---+---+---+---+---+---+---+---+---+---+---+---+---+---+---+---+
|128|194|238|186|172|173|166|179|172|178|169|165|166|179|172|180|175|177|172|180|175|183|166|167|166|243|248|170|169|165|166|167|166|167|166|167|166|167|166|168|169|182|175|177|172|230|128|255|256|183|166|167|166|168|169|171|172|180|175|261|248|170|225|128|
|   |   |   |   |   |   |   |   |   |   |   |   |   |   |   |   |   |   |   |   |   |   |   |   |   |   |   |   |   |   |   |   |   |   |   |   |   |   |   |   |   |   |   |   |   |   |   |   |   |   |   |   |   |   |   |   |   |   |   |   |   |   |   |   |
+---+---+---+---+---+---+---+---+---+---+---+---+---+---+---+---+---+---+---+---+---+---+---+---+---+---+---+---+---+---+---+---+---+---+---+---+---+---+---+---+---+---+---+---+---+---+---+---+---+---+---+---+---+---+---+---+---+---+---+---+---+---+---+---+
|128|188|262|146|159|150|151|161|147|142|143|144|151|161|147|148|152|146|147|148|152|150|151|227|228|252|209|156|143|236|151|150|151|150|151|150|151|150|151|142|155|160|149|146|159|203|221|263|149|150|151|157|151|154|155|158|147|211|212|252|209|200|229|128|
|   |   |   |   |   |   |   |   |   |   |   |   |   |   |   |   |   |   |   |   |   |   |   |   |   |   |   |   |   |   |   |   |   |   |   |   |   |   |   |   |   |   |   |   |   |   |   |   |   |   |   |   |   |   |   |   |   |   |   |   |   |   |   |   |
+---+---+---+---+---+---+---+---+---+---+---+---+---+---+---+---+---+---+---+---+---+---+---+---+---+---+---+---+---+---+---+---+---+---+---+---+---+---+---+---+---+---+---+---+---+---+---+---+---+---+---+---+---+---+---+---+---+---+---+---+---+---+---+---+
|128|194|195|167|166|179|172|180|175|183|166|179|172|180|175|183|166|243|248|165|166|179|172|230|128|255|256|183|166|174|175|177|172|186|172|186|172|186|172|186|172|178|169|165|166|167|166|168|169|171|172|180|175|176|175|177|172|230|128|255|256|176|187|128|
|   |   |   |   |   |   |   |   |   |   |   |   |   |   |   |   |   |   |   |   |   |   |   |   |   |   |   |   |   |   |   |   |   |   |   |   |   |   |   |   |   |   |   |   |   |   |   |   |   |   |   |   |   |   |   |   |   |   |   |   |   |   |   |   |
+---+---+---+---+---+---+---+---+---+---+---+---+---+---+---+---+---+---+---+---+---+---+---+---+---+---+---+---+---+---+---+---+---+---+---+---+---+---+---+---+---+---+---+---+---+---+---+---+---+---+---+---+---+---+---+---+---+---+---+---+---+---+---+---+
|128|264|193|150|151|146|147|148|152|157|151|146|147|148|152|227|228|252|209|144|151|146|147|203|221|265|149|150|151|148|152|146|147|146|147|161|147|146|147|146|159|142|155|236|151|150|151|142|143|158|147|148|149|153|149|146|159|203|204|263|149|148|162|128|
|   |   |   |   |   |   |   |   |   |   |   |   |   |   |   |   |   |   |   |   |   |   |   |   |   |   |   |   |   |   |   |   |   |   |   |   |   |   |   |   |   |   |   |   |   |   |   |   |   |   |   |   |   |   |   |   |   |   |   |   |   |   |   |   |
+---+---+---+---+---+---+---+---+---+---+---+---+---+---+---+---+---+---+---+---+---+---+---+---+---+---+---+---+---+---+---+---+---+---+---+---+---+---+---+---+---+---+---+---+---+---+---+---+---+---+---+---+---+---+---+---+---+---+---+---+---+---+---+---+
|128|214|215|181|169|171|172|173|166|174|175|181|169|165|166|196|128|255|256|177|172|186|172|173|166|174|175|181|169|165|166|168|169|171|172|180|175|177|172|173|166|179|172|180|175|177|172|173|166|168|169|170|169|182|175|183|166|179|172|186|172|186|232|128|
|   |   |   |   |   |   |   |   |   |   |   |   |   |   |   |   |   |   |   |   |   |   |   |   |   |   |   |   |   |   |   |   |   |   |   |   |   |   |   |   |   |   |   |   |   |   |   |   |   |   |   |   |   |   |   |   |   |   |   |   |   |   |   |   |
+---+---+---+---+---+---+---+---+---+---+---+---+---+---+---+---+---+---+---+---+---+---+---+---+---+---+---+---+---+---+---+---+---+---+---+---+---+---+---+---+---+---+---+---+---+---+---+---+---+---+---+---+---+---+---+---+---+---+---+---+---+---+---+---+
|128|140|141|142|143|158|147|150|145|148|149|142|155|144|151|203|221|265|149|146|147|146|147|150|151|148|152|142|155|144|151|154|155|158|159|153|149|146|147|150|151|161|147|148|152|146|147|150|151|142|155|156|155|201|149|150|145|146|147|146|147|146|162|128|
|   |   |   |   |   |   |   |   |   |   |   |   |   |   |   |   |   |   |   |   |   |   |   |   |   |   |   |   |   |   |   |   |   |   |   |   |   |   |   |   |   |   |   |   |   |   |   |   |   |   |   |   |   |   |   |   |   |   |   |   |   |   |   |   |
+---+---+---+---+---+---+---+---+---+---+---+---+---+---+---+---+---+---+---+---+---+---+---+---+---+---+---+---+---+---+---+---+---+---+---+---+---+---+---+---+---+---+---+---+---+---+---+---+---+---+---+---+---+---+---+---+---+---+---+---+---+---+---+---+
|128|163|164|165|166|179|172|173|166|179|172|178|169|171|172|173|166|174|175|181|169|171|172|178|169|165|166|179|172|186|172|180|175|183|166|174|175|177|172|178|169|182|175|183|166|168|169|170|169|170|169|171|172|180|175|223|185|179|172|186|172|186|232|128|
|   |   |   |   |   |   |   |   |   |   |   |   |   |   |   |   |   |   |   |   |   |   |   |   |   |   |   |   |   |   |   |   |   |   |   |   |   |   |   |   |   |   |   |   |   |   |   |   |   |   |   |   |   |   |   |   |   |   |   |   |   |   |   |   |
+---+---+---+---+---+---+---+---+---+---+---+---+---+---+---+---+---+---+---+---+---+---+---+---+---+---+---+---+---+---+---+---+---+---+---+---+---+---+---+---+---+---+---+---+---+---+---+---+---+---+---+---+---+---+---+---+---+---+---+---+---+---+---+---+
|128|208|209|144|151|146|147|150|151|161|147|142|155|158|147|150|145|153|149|142|155|158|147|154|155|236|151|146|159|146|147|153|149|150|151|148|149|146|159|142|143|160|152|150|151|142|155|200|155|156|155|158|147|211|212|192|193|146|159|146|147|146|162|128|
|   |   |   |   |   |   |   |   |   |   |   |   |   |   |   |   |   |   |   |   |   |   |   |   |   |   |   |   |   |   |   |   |   |   |   |   |   |   |   |   |   |   |   |   |   |   |   |   |   |   |   |   |   |   |   |   |   |   |   |   |   |   |   |   |
+---+---+---+---+---+---+---+---+---+---+---+---+---+---+---+---+---+---+---+---+---+---+---+---+---+---+---+---+---+---+---+---+---+---+---+---+---+---+---+---+---+---+---+---+---+---+---+---+---+---+---+---+---+---+---+---+---+---+---+---+---+---+---+---+
|128|214|215|177|172|186|172|186|172|180|175|181|169|170|169|165|166|174|175|181|169|266|267|180|175|176|175|183|166|179|172|180|175|177|172|178|169|165|166|167|166|167|166|168|169|170|169|182|175|177|172|268|248|239|128|197|198|165|166|179|172|186|232|128|
|   |   |   |   |   |   |   |   |   |   |   |   |   |   |   |   |   |   |   |   |   |   |   |   |   |   |   |   |   |   |   |   |   |   |   |   |   |   |   |   |   |   |   |   |   |   |   |   |   |   |   |   |   |   |   |   |   |   |   |   |   |   |   |   |
+---+---+---+---+---+---+---+---+---+---+---+---+---+---+---+---+---+---+---+---+---+---+---+---+---+---+---+---+---+---+---+---+---+---+---+---+---+---+---+---+---+---+---+---+---+---+---+---+---+---+---+---+---+---+---+---+---+---+---+---+---+---+---+---+
|128|140|141|146|147|146|159|146|159|148|152|142|155|156|155|236|151|148|149|190|191|252|262|153|149|148|149|150|151|146|147|153|149|146|147|142|143|236|151|150|151|150|151|154|155|156|155|160|152|269|270|252|189|271|204|205|155|236|151|146|147|146|162|128|
|   |   |   |   |   |   |   |   |   |   |   |   |   |   |   |   |   |   |   |   |   |   |   |   |   |   |   |   |   |   |   |   |   |   |   |   |   |   |   |   |   |   |   |   |   |   |   |   |   |   |   |   |   |   |   |   |   |   |   |   |   |   |   |   |
+---+---+---+---+---+---+---+---+---+---+---+---+---+---+---+---+---+---+---+---+---+---+---+---+---+---+---+---+---+---+---+---+---+---+---+---+---+---+---+---+---+---+---+---+---+---+---+---+---+---+---+---+---+---+---+---+---+---+---+---+---+---+---+---+
|128|194|238|178|169|165|166|167|166|167|166|272|267|178|169|182|175|181|169|239|128|197|231|174|175|181|169|170|169|171|172|180|175|181|169|165|166|174|175|177|172|186|172|180|175|181|169|165|166|196|128|197|231|179|172|186|172|180|175|177|172|186|232|128|
|   |   |   |   |   |   |   |   |   |   |   |   |   |   |   |   |   |   |   |   |   |   |   |   |   |   |   |   |   |   |   |   |   |   |   |   |   |   |   |   |   |   |   |   |   |   |   |   |   |   |   |   |   |   |   |   |   |   |   |   |   |   |   |   |
+---+---+---+---+---+---+---+---+---+---+---+---+---+---+---+---+---+---+---+---+---+---+---+---+---+---+---+---+---+---+---+---+---+---+---+---+---+---+---+---+---+---+---+---+---+---+---+---+---+---+---+---+---+---+---+---+---+---+---+---+---+---+---+---+
|128|188|240|142|155|144|151|157|151|227|228|252|240|142|155|160|149|142|143|271|204|234|151|153|149|142|155|200|155|158|147|153|149|154|155|144|151|148|149|146|147|146|147|153|149|142|155|144|145|233|204|234|145|161|147|146|147|148|149|146|159|146|162|128|
|   |   |   |   |   |   |   |   |   |   |   |   |   |   |   |   |   |   |   |   |   |   |   |   |   |   |   |   |   |   |   |   |   |   |   |   |   |   |   |   |   |   |   |   |   |   |   |   |   |   |   |   |   |   |   |   |   |   |   |   |   |   |   |   |
+---+---+---+---+---+---+---+---+---+---+---+---+---+---+---+---+---+---+---+---+---+---+---+---+---+---+---+---+---+---+---+---+---+---+---+---+---+---+---+---+---+---+---+---+---+---+---+---+---+---+---+---+---+---+---+---+---+---+---+---+---+---+---+---+
|128|163|164|170|169|170|169|182|175|217|128|255|256|177|172|186|172|173|166|179|172|178|169|182|175|177|172|180|175|177|172|273|207|176|175|181|169|170|169|170|169|170|169|182|175|177|172|173|166|174|175|183|166|174|175|181|169|171|172|274|185|167|235|128|
|   |   |   |   |   |   |   |   |   |   |   |   |   |   |   |   |   |   |   |   |   |   |   |   |   |   |   |   |   |   |   |   |   |   |   |   |   |   |   |   |   |   |   |   |   |   |   |   |   |   |   |   |   |   |   |   |   |   |   |   |   |   |   |   |
+---+---+---+---+---+---+---+---+---+---+---+---+---+---+---+---+---+---+---+---+---+---+---+---+---+---+---+---+---+---+---+---+---+---+---+---+---+---+---+---+---+---+---+---+---+---+---+---+---+---+---+---+---+---+---+---+---+---+---+---+---+---+---+---+
|128|188|209|156|155|156|143|160|149|203|204|263|149|146|159|161|147|157|151|161|147|142|143|201|149|161|147|148|152|269|270|213|141|153|149|154|155|200|155|200|155|156|155|201|149|146|159|150|145|148|149|150|151|148|149|142|143|275|270|192|193|157|162|128|
|   |   |   |   |   |   |   |   |   |   |   |   |   |   |   |   |   |   |   |   |   |   |   |   |   |   |   |   |   |   |   |   |   |   |   |   |   |   |   |   |   |   |   |   |   |   |   |   |   |   |   |   |   |   |   |   |   |   |   |   |   |   |   |   |
+---+---+---+---+---+---+---+---+---+---+---+---+---+---+---+---+---+---+---+---+---+---+---+---+---+---+---+---+---+---+---+---+---+---+---+---+---+---+---+---+---+---+---+---+---+---+---+---+---+---+---+---+---+---+---+---+---+---+---+---+---+---+---+---+
|128|163|164|171|172|173|166|168|169|171|172|186|172|173|166|174|175|176|175|176|175|183|166|174|175|176|175|183|166|196|128|197|198|182|175|176|175|176|175|176|175|181|169|182|175|223|185|167|166|179|172|186|172|186|172|173|166|196|128|255|256|176|187|128|
|   |   |   |   |   |   |   |   |   |   |   |   |   |   |   |   |   |   |   |   |   |   |   |   |   |   |   |   |   |   |   |   |   |   |   |   |   |   |   |   |   |   |   |   |   |   |   |   |   |   |   |   |   |   |   |   |   |   |   |   |   |   |   |   |
+---+---+---+---+---+---+---+---+---+---+---+---+---+---+---+---+---+---+---+---+---+---+---+---+---+---+---+---+---+---+---+---+---+---+---+---+---+---+---+---+---+---+---+---+---+---+---+---+---+---+---+---+---+---+---+---+---+---+---+---+---+---+---+---+
|128|188|209|158|159|150|151|142|143|158|147|161|147|157|151|148|149|148|152|148|149|150|151|148|149|148|149|150|151|203|204|205|143|201|149|148|152|148|149|148|149|142|155|276|212|192|193|157|151|146|147|146|159|146|147|150|145|203|204|263|149|148|162|128|
|   |   |   |   |   |   |   |   |   |   |   |   |   |   |   |   |   |   |   |   |   |   |   |   |   |   |   |   |   |   |   |   |   |   |   |   |   |   |   |   |   |   |   |   |   |   |   |   |   |   |   |   |   |   |   |   |   |   |   |   |   |   |   |   |
+---+---+---+---+---+---+---+---+---+---+---+---+---+---+---+---+---+---+---+---+---+---+---+---+---+---+---+---+---+---+---+---+---+---+---+---+---+---+---+---+---+---+---+---+---+---+---+---+---+---+---+---+---+---+---+---+---+---+---+---+---+---+---+---+
|128|163|164|165|166|168|169|165|166|179|172|180|175|176|175|177|172|173|166|179|172|277|267|178|169|171|172|186|172|178|169|165|166|174|175|183|166|179|172|178|169|170|169|239|128|197|198|182|175|181|169|165|166|168|169|165|166|179|172|186|172|186|232|128|
|   |   |   |   |   |   |   |   |   |   |   |   |   |   |   |   |   |   |   |   |   |   |   |   |   |   |   |   |   |   |   |   |   |   |   |   |   |   |   |   |   |   |   |   |   |   |   |   |   |   |   |   |   |   |   |   |   |   |   |   |   |   |   |   |
+---+---+---+---+---+---+---+---+---+---+---+---+---+---+---+---+---+---+---+---+---+---+---+---+---+---+---+---+---+---+---+---+---+---+---+---+---+---+---+---+---+---+---+---+---+---+---+---+---+---+---+---+---+---+---+---+---+---+---+---+---+---+---+---+
|128|188|209|236|151|154|155|144|151|146|159|148|149|148|152|146|147|150|151|269|270|252|240|142|143|158|147|146|147|142|155|236|151|278|149|150|151|146|147|142|155|156|155|271|204|205|143|160|149|142|155|144|145|142|143|144|151|146|147|161|147|161|162|128|
|   |   |   |   |   |   |   |   |   |   |   |   |   |   |   |   |   |   |   |   |   |   |   |   |   |   |   |   |   |   |   |   |   |   |   |   |   |   |   |   |   |   |   |   |   |   |   |   |   |   |   |   |   |   |   |   |   |   |   |   |   |   |   |   |
+---+---+---+---+---+---+---+---+---+---+---+---+---+---+---+---+---+---+---+---+---+---+---+---+---+---+---+---+---+---+---+---+---+---+---+---+---+---+---+---+---+---+---+---+---+---+---+---+---+---+---+---+---+---+---+---+---+---+---+---+---+---+---+---+
|128|194|238|180|175|176|175|181|169|165|166|168|169|165|166|179|172|178|169|239|128|197|198|165|166|243|248|171|172|178|169|182|175|279|169|171|172|186|172|178|169|171|172|186|172|173|166|243|248|171|172|173|166|167|166|179|172|186|172|180|175|176|187|128|
|   |   |   |   |   |   |   |   |   |   |   |   |   |   |   |   |   |   |   |   |   |   |   |   |   |   |   |   |   |   |   |   |   |   |   |   |   |   |   |   |   |   |   |   |   |   |   |   |   |   |   |   |   |   |   |   |   |   |   |   |   |   |   |   |
+---+---+---+---+---+---+---+---+---+---+---+---+---+---+---+---+---+---+---+---+---+---+---+---+---+---+---+---+---+---+---+---+---+---+---+---+---+---+---+---+---+---+---+---+---+---+---+---+---+---+---+---+---+---+---+---+---+---+---+---+---+---+---+---+
|128|188|262|148|149|148|152|154|155|236|151|142|155|236|151|161|147|142|155|271|221|280|155|260|228|252|209|158|159|142|155|201|149|142|143|158|147|146|147|142|155|202|147|161|147|227|228|252|189|158|159|150|151|157|151|146|159|146|147|148|152|148|162|128|
|   |   |   |   |   |   |   |   |   |   |   |   |   |   |   |   |   |   |   |   |   |   |   |   |   |   |   |   |   |   |   |   |   |   |   |   |   |   |   |   |   |   |   |   |   |   |   |   |   |   |   |   |   |   |   |   |   |   |   |   |   |   |   |   |
+---+---+---+---+---+---+---+---+---+---+---+---+---+---+---+---+---+---+---+---+---+---+---+---+---+---+---+---+---+---+---+---+---+---+---+---+---+---+---+---+---+---+---+---+---+---+---+---+---+---+---+---+---+---+---+---+---+---+---+---+---+---+---+---+
|128|194|195|179|172|173|166|174|175|176|175|181|169|182|175|176|175|181|169|165|166|174|175|217|128|255|256|183|166|179|172|180|175|183|166|179|172|178|169|171|172|180|175|176|175|217|128|197|231|167|166|168|169|182|175|183|166|168|169|165|166|167|235|128|
|   |   |   |   |   |   |   |   |   |   |   |   |   |   |   |   |   |   |   |   |   |   |   |   |   |   |   |   |   |   |   |   |   |   |   |   |   |   |   |   |   |   |   |   |   |   |   |   |   |   |   |   |   |   |   |   |   |   |   |   |   |   |   |   |
+---+---+---+---+---+---+---+---+---+---+---+---+---+---+---+---+---+---+---+---+---+---+---+---+---+---+---+---+---+---+---+---+---+---+---+---+---+---+---+---+---+---+---+---+---+---+---+---+---+---+---+---+---+---+---+---+---+---+---+---+---+---+---+---+
|128|199|193|161|147|150|145|153|149|148|149|142|155|201|149|153|149|154|155|144|145|153|149|203|221|265|149|157|151|146|147|148|152|150|151|146|159|142|155|202|147|148|149|148|149|203|204|234|151|150|145|142|155|160|149|150|145|142|155|144|151|150|162|128|
|   |   |   |   |   |   |   |   |   |   |   |   |   |   |   |   |   |   |   |   |   |   |   |   |   |   |   |   |   |   |   |   |   |   |   |   |   |   |   |   |   |   |   |   |   |   |   |   |   |   |   |   |   |   |   |   |   |   |   |   |   |   |   |   |
+---+---+---+---+---+---+---+---+---+---+---+---+---+---+---+---+---+---+---+---+---+---+---+---+---+---+---+---+---+---+---+---+---+---+---+---+---+---+---+---+---+---+---+---+---+---+---+---+---+---+---+---+---+---+---+---+---+---+---+---+---+---+---+---+
|128|163|164|182|175|183|166|174|175|177|172|186|172|180|175|176|175|176|175|183|166|174|175|183|166|174|175|176|175|181|169|165|166|168|169|165|166|168|169|182|175|177|172|186|172|178|169|170|169|165|166|179|172|178|169|165|166|243|244|281|282|283|284|128|
|   |   |   |   |   |   |   |   |   |   |   |   |   |   |   |   |   |   |   |   |   |   |   |   |   |   |   |   |   |   |   |   |   |   |   |   |   |   |   |   |   |   |   |   |   |   |   |   |   |   |   |   |   |   |   |   |   |   |   |   |   |   |   |   |
+---+---+---+---+---+---+---+---+---+---+---+---+---+---+---+---+---+---+---+---+---+---+---+---+---+---+---+---+---+---+---+---+---+---+---+---+---+---+---+---+---+---+---+---+---+---+---+---+---+---+---+---+---+---+---+---+---+---+---+---+---+---+---+---+
|128|188|189|160|152|157|151|153|149|161|147|146|159|148|152|148|149|148|149|150|145|148|149|150|151|153|149|148|149|142|155|144|151|142|143|236|151|142|155|160|149|161|147|146|147|142|155|200|155|236|151|146|147|142|155|260|228|249|250|285|286|287|288|128|
|   |   |   |   |   |   |   |   |   |   |   |   |   |   |   |   |   |   |   |   |   |   |   |   |   |   |   |   |   |   |   |   |   |   |   |   |   |   |   |   |   |   |   |   |   |   |   |   |   |   |   |   |   |   |   |   |   |   |   |   |   |   |   |   |
+---+---+---+---+---+---+---+---+---+---+---+---+---+---+---+---+---+---+---+---+---+---+---+---+---+---+---+---+---+---+---+---+---+---+---+---+---+---+---+---+---+---+---+---+---+---+---+---+---+---+---+---+---+---+---+---+---+---+---+---+---+---+---+---+
|128|194|195|167|166|174|175|176|175|176|175|183|166|167|166|168|169|170|169|165|166|168|169|171|172|180|175|181|169|170|169|171|172|173|166|174|175|177|172|277|267|180|175|181|169|170|169|182|175|176|175|181|169|170|169|239|253|128|128|128|128|128|128|128|
|   |   |   |   |   |   |   |   |   |   |   |   |   |   |   |   |   |   |   |   |   |   |   |   |   |   |   |   |   |   |   |   |   |   |   |   |   |   |   |   |   |   |   |   |   |   |   |   |   |   |   |   |   |   |   |   |   |   |   |   |   |   |   |   |
+---+---+---+---+---+---+---+---+---+---+---+---+---+---+---+---+---+---+---+---+---+---+---+---+---+---+---+---+---+---+---+---+---+---+---+---+---+---+---+---+---+---+---+---+---+---+---+---+---+---+---+---+---+---+---+---+---+---+---+---+---+---+---+---+
|128|199|193|150|151|148|149|153|149|148|152|157|151|150|145|142|155|156|155|144|145|142|155|158|147|148|149|142|143|156|155|158|147|150|151|148|149|269|270|252|240|148|152|154|155|156|155|160|152|148|149|142|143|156|143|271|204|257|221|257|204|257|289|128|
|   |   |   |   |   |   |   |   |   |   |   |   |   |   |   |   |   |   |   |   |   |   |   |   |   |   |   |   |   |   |   |   |   |   |   |   |   |   |   |   |   |   |   |   |   |   |   |   |   |   |   |   |   |   |   |   |   |   |   |   |   |   |   |   |
+---+---+---+---+---+---+---+---+---+---+---+---+---+---+---+---+---+---+---+---+---+---+---+---+---+---+---+---+---+---+---+---+---+---+---+---+---+---+---+---+---+---+---+---+---+---+---+---+---+---+---+---+---+---+---+---+---+---+---+---+---+---+---+---+
|128|163|164|171|172|178|169|182|175|183|166|174|175|183|166|179|172|268|248|165|166|179|172|186|172|178|169|165|166|168|169|171|172|186|172|186|172|230|128|197|198|165|166|174|175|181|169|165|166|168|169|165|166|167|166|179|172|173|166|179|172|274|284|128|
|   |   |   |   |   |   |   |   |   |   |   |   |   |   |   |   |   |   |   |   |   |   |   |   |   |   |   |   |   |   |   |   |   |   |   |   |   |   |   |   |   |   |   |   |   |   |   |   |   |   |   |   |   |   |   |   |   |   |   |   |   |   |   |   |
+---+---+---+---+---+---+---+---+---+---+---+---+---+---+---+---+---+---+---+---+---+---+---+---+---+---+---+---+---+---+---+---+---+---+---+---+---+---+---+---+---+---+---+---+---+---+---+---+---+---+---+---+---+---+---+---+---+---+---+---+---+---+---+---+
|128|188|209|158|147|142|155|160|149|150|151|148|149|157|151|269|270|252|189|236|151|146|159|146|147|142|143|144|151|142|155|158|159|146|147|161|147|203|204|280|155|144|145|148|152|142|155|144|145|142|143|144|145|157|151|146|151|269|270|290|291|142|292|128|
|   |   |   |   |   |   |   |   |   |   |   |   |   |   |   |   |   |   |   |   |   |   |   |   |   |   |   |   |   |   |   |   |   |   |   |   |   |   |   |   |   |   |   |   |   |   |   |   |   |   |   |   |   |   |   |   |   |   |   |   |   |   |   |   |
+---+---+---+---+---+---+---+---+---+---+---+---+---+---+---+---+---+---+---+---+---+---+---+---+---+---+---+---+---+---+---+---+---+---+---+---+---+---+---+---+---+---+---+---+---+---+---+---+---+---+---+---+---+---+---+---+---+---+---+---+---+---+---+---+
|128|163|164|171|172|186|172|178|169|171|172|178|169|182|175|217|128|197|231|174|175|183|166|179|172|173|166|179|172|178|169|165|166|168|169|182|175|181|169|182|175|183|166|167|166|179|172|173|166|167|166|167|166|174|175|181|293|217|294|295|296|167|297|128|
|   |   |   |   |   |   |   |   |   |   |   |   |   |   |   |   |   |   |   |   |   |   |   |   |   |   |   |   |   |   |   |   |   |   |   |   |   |   |   |   |   |   |   |   |   |   |   |   |   |   |   |   |   |   |   |   |   |   |   |   |   |   |   |   |
+---+---+---+---+---+---+---+---+---+---+---+---+---+---+---+---+---+---+---+---+---+---+---+---+---+---+---+---+---+---+---+---+---+---+---+---+---+---+---+---+---+---+---+---+---+---+---+---+---+---+---+---+---+---+---+---+---+---+---+---+---+---+---+---+
|128|208|209|158|159|161|147|142|155|158|147|142|143|160|149|203|204|234|151|148|149|150|151|146|147|157|151|146|147|142|155|236|151|142|155|160|149|142|143|201|149|150|145|157|151|146|159|150|145|150|151|150|151|148|152|142|298|299|128|264|300|301|302|128|
|   |   |   |   |   |   |   |   |   |   |   |   |   |   |   |   |   |   |   |   |   |   |   |   |   |   |   |   |   |   |   |   |   |   |   |   |   |   |   |   |   |   |   |   |   |   |   |   |   |   |   |   |   |   |   |   |   |   |   |   |   |   |   |   |
+---+---+---+---+---+---+---+---+---+---+---+---+---+---+---+---+---+---+---+---+---+---+---+---+---+---+---+---+---+---+---+---+---+---+---+---+---+---+---+---+---+---+---+---+---+---+---+---+---+---+---+---+---+---+---+---+---+---+---+---+---+---+---+---+
|128|214|303|223|304|305|306|307|282|308|282|283|304|309|244|310|244|310|244|281|282|308|282|308|282|311|306|261|244|281|282|311|306|261|244|281|282|283|304|305|306|223|304|305|306|223|304|312|304|309|244|281|282|283|304|312|304|313|128|214|314|315|316|128|
|   |   |   |   |   |   |   |   |   |   |   |   |   |   |   |   |   |   |   |   |   |   |   |   |   |   |   |   |   |   |   |   |   |   |   |   |   |   |   |   |   |   |   |   |   |   |   |   |   |   |   |   |   |   |   |   |   |   |   |   |   |   |   |   |
+---+---+---+---+---+---+---+---+---+---+---+---+---+---+---+---+---+---+---+---+---+---+---+---+---+---+---+---+---+---+---+---+---+---+---+---+---+---+---+---+---+---+---+---+---+---+---+---+---+---+---+---+---+---+---+---+---+---+---+---+---+---+---+---+
|128|317|318|287|319|320|318|249|286|249|286|287|319|249|250|285|250|285|250|285|286|249|286|249|286|320|318|249|250|285|286|320|318|249|250|285|286|287|319|320|318|287|319|320|318|287|319|287|319|249|250|285|286|287|319|287|319|321|128|317|322|323|324|128|
|   |   |   |   |   |   |   |   |   |   |   |   |   |   |   |   |   |   |   |   |   |   |   |   |   |   |   |   |   |   |   |   |   |   |   |   |   |   |   |   |   |   |   |   |   |   |   |   |   |   |   |   |   |   |   |   |   |   |   |   |   |   |   |   |
+---+---+---+---+---+---+---+---+---+---+---+---+---+---+---+---+---+---+---+---+---+---+---+---+---+---+---+---+---+---+---+---+---+---+---+---+---+---+---+---+---+---+---+---+---+---+---+---+---+---+---+---+---+---+---+---+---+---+---+---+---+---+---+---+
|128|128|128|128|128|128|128|128|128|128|128|128|128|128|128|128|128|128|128|128|128|128|128|128|128|128|128|128|128|128|128|128|128|128|128|128|128|128|128|128|128|128|128|128|128|128|128|128|128|128|128|128|128|128|128|128|128|128|128|128|128|128|128|128|
|   |   |   |   |   |   |   |   |   |   |   |   |   |   |   |   |   |   |   |   |   |   |   |   |   |   |   |   |   |   |   |   |   |   |   |   |   |   |   |   |   |   |   |   |   |   |   |   |   |   |   |   |   |   |   |   |   |   |   |   |   |   |   |   |
+---+---+---+---+---+---+---+---+---+---+---+---+---+---+---+---+---+---+---+---+---+---+---+---+---+---+---+---+---+---+---+---+---+---+---+---+---+---+---+---+---+---+---+---+---+---+---+---+---+---+---+---+---+---+---+---+---+---+---+---+---+---+---+---+

Unique tiles: 197

Tile# Count Position
 128     65
 129      1 (1,1)
 130      1 (2,1)
 131      1 (3,1)
 132      1 (4,1)
 133      1 (5,1)
 134      1 (6,1)
 135      1 (7,1)
 136      2
 137      1 (10,1)
 138     51
 139      3
 140      1 (1,2)
 141      1 (2,2)
 142      1 (3,2)
 143      1 (4,2)
 144      1 (5,2)
 145      1 (6,2)
 146      1 (7,2)
 147      1 (8,2)
 148      1 (9,2)
 149      1 (10,2)
 150      1 (11,2)
 151      2
 152      1 (14,2)
 153      2
 154      1 (17,2)
 155      5
 156      4
 157      6
 158      1 (33,2)
 159      9
 160      4
 161     15
 162      3
 163      1 (1,3)
 164      1 (2,3)
 165      1 (3,3)
 166      1 (4,3)
 167      2
 168      1 (7,3)
 169      1 (8,3)
 170      2
 171      1 (11,3)
 172      1 (12,3)
 173      2
 174      1 (15,3)
 175      1 (16,3)
 176      2
 177      2
 178      4
 179      2
 180      2
 181      2
 182      2
 183      8
 184      1 (41,3)
 185      3
 186     17
 187      3
 188      1 (1,4)
 189     37
 190      1 (39,4)
 191      1 (40,4)
 192      1 (41,4)
 193     23
 194      1 (1,5)
 195     37
 196      2
 197      1 (41,5)
 198     23
 199     22
 200      6
 201      6
 202      4
 203      1 (39,6)
 204      1 (40,6)
 205     78
 206      1 (55,7)
 207      9
 208      1 (1,8)
 209     50
 210      1 (52,8)
 211      1 (53,8)
 212      1 (54,8)
 213     10
 214      1 (1,9)
 215     37
 216     14
 217      3
 218     10
 219     11
 220     41
 221      1 (54,10)
 222     46
 223     18
 224      7
 225      4
 226     51
 227      1 (53,12)
 228      8
 229     37
 230     21
 231      6
 232     55
 233      2
 234    199
 235    183
 236      6
 237      7
 238     45
 239     19
 240     45
 241      2
 242    154
 243      1 (11,25)
 244      1 (12,25)
 245     20
 246     12
 247      1 (45,25)
 248     29
 249      1 (11,26)
 250      1 (12,26)
 251     32
 252     29
 253      2
 254      1 (12,27)
 255      1 (13,27)
 256     61
 257      1 (11,28)
 258      1 (12,28)
 259    160
 260     78
 261      7
 262     45
 263     82
 264     24
 265    316
 266      1 (21,39)
 267     29
 268     62
 269      1 (49,40)
 270      3
 271     22
 272    148
 273     28
 274     62
 275    114
 276     42
 277     76
 278     64
 279     52
 280    230
 281      1 (59,53)
 282      1 (60,53)
 283      1 (61,53)
 284     61
 285      1 (59,54)
 286      1 (60,54)
 287      1 (61,54)
 288    128
 289    125
 290      1 (59,58)
 291      2
 292     58
 293      2
 294      1 (58,59)
 295      1 (59,59)
 296      2
 297     58
 298      1 (56,60)
 299      3
 300      1 (60,60)
 301      1 (61,60)
 302      4
 303      2
 304      1 (4,61)
 305      1 (5,61)
 306      1 (6,61)
 307      2
 308      4
 309      2
 310     10
 311     22
 312     10
 313      3
 314      1 (60,61)
 315      1 (61,61)
 316      3
 317      1 (1,62)
 318      2
 319      1 (4,62)
 320     52
 321      3
 322      1 (60,62)
 323      1 (61,62)
 324     66
