+---+---+---+---+---+---+---+---+---+---+---+---+---+---+---+---+---+---+---+---+---+---+---+---+---+---+---+---+---+---+---+---+---+---+---+---+---+---+---+---+---+---+---+---+---+---+---+---+---+---+---+---+---+---+---+---+---+---+---+---+---+---+---+---+
|128|128|128|128|128|128|128|128|128|128|128|128|128|128|128|128|128|128|128|128|128|128|128|128|128|128|128|128|128|128|128|128|128|128|128|128|128|128|128|128|128|128|128|128|128|128|128|128|128|128|128|128|128|128|128|128|128|128|128|128|128|128|128|128|
|   |   |   |   |   |   |   |   |   |   |   |   |   |   |   |   |   |   |   |   |   |   |   |   |   |   |   |   |   |   |   |   |   |   |   |   |   |   |   |   |   |   |   |   |   |   |   |   |   |   |   |   |   |   |   |   |   |   |   |   |   |   |   |   |
+---+---+---+---+---+---+---+---+---+---+---+---+---+---+---+---+---+---+---+---+---+---+---+---+---+---+---+---+---+---+---+---+---+---+---+---+---+---+---+---+---+---+---+---+---+---+---+---+---+---+---+---+---+---+---+---+---+---+---+---+---+---+---+---+
|128|129|130|131|132|133|134|133|134|133|134|133|135|133|136|133|134|133|136|131|132|131|132|133|136|137|128|129|130|133|134|133|134|133|135|131|132|131|132|133|136|133|135|133|135|133|135|133|135|131|132|133|135|133|135|133|135|133|134|133|138|139|140|128|
|   |   |   |   |   |   |   |   |   |   |   |   |   |   |   |   |   |   |   |   |   |   |   |   |   |   |   |   |   |   |   |   |   |   |   |   |   |   |   |   |   |   |   |   |   |   |   |   |   |   |   |   |   |   |   |   |   |   |   |   |   |   |   |   |
+---+---+---+---+---+---+---+---+---+---+---+---+---+---+---+---+---+---+---+---+---+---+---+---+---+---+---+---+---+---+---+---+---+---+---+---+---+---+---+---+---+---+---+---+---+---+---+---+---+---+---+---+---+---+---+---+---+---+---+---+---+---+---+---+
|128|141|142|143|144|145|146|147|148|145|146|147|149|150|151|145|146|150|152|153|154|155|156|157|152|158|128|141|159|147|160|145|146|161|162|153|154|155|156|150|152|147|162|147|149|147|149|147|149|153|154|147|162|161|162|161|162|147|160|147|163|164|165|128|
|   |   |   |   |   |   |   |   |   |   |   |   |   |   |   |   |   |   |   |   |   |   |   |   |   |   |   |   |   |   |   |   |   |   |   |   |   |   |   |   |   |   |   |   |   |   |   |   |   |   |   |   |   |   |   |   |   |   |   |   |   |   |   |   |
+---+---+---+---+---+---+---+---+---+---+---+---+---+---+---+---+---+---+---+---+---+---+---+---+---+---+---+---+---+---+---+---+---+---+---+---+---+---+---+---+---+---+---+---+---+---+---+---+---+---+---+---+---+---+---+---+---+---+---+---+---+---+---+---+
|128|141|166|167|168|167|168|169|170|167|168|169|170|169|170|167|168|171|172|173|174|169|170|173|174|175|128|141|176|171|172|167|168|173|174|173|174|169|170|171|172|171|172|169|170|169|170|169|170|173|174|171|172|173|174|173|174|171|172|169|177|178|179|128|
|   |   |   |   |   |   |   |   |   |   |   |   |   |   |   |   |   |   |   |   |   |   |   |   |   |   |   |   |   |   |   |   |   |   |   |   |   |   |   |   |   |   |   |   |   |   |   |   |   |   |   |   |   |   |   |   |   |   |   |   |   |   |   |   |
+---+---+---+---+---+---+---+---+---+---+---+---+---+---+---+---+---+---+---+---+---+---+---+---+---+---+---+---+---+---+---+---+---+---+---+---+---+---+---+---+---+---+---+---+---+---+---+---+---+---+---+---+---+---+---+---+---+---+---+---+---+---+---+---+
|128|141|180|153|154|155|156|147|148|155|154|147|160|147|148|155|156|147|162|157|152|147|160|157|152|158|128|141|181|147|162|143|144|150|152|150|151|147|160|145|182|147|149|145|146|147|160|145|146|183|184|147|149|183|184|150|151|161|162|147|160|147|185|128|
|   |   |   |   |   |   |   |   |   |   |   |   |   |   |   |   |   |   |   |   |   |   |   |   |   |   |   |   |   |   |   |   |   |   |   |   |   |   |   |   |   |   |   |   |   |   |   |   |   |   |   |   |   |   |   |   |   |   |   |   |   |   |   |   |
+---+---+---+---+---+---+---+---+---+---+---+---+---+---+---+---+---+---+---+---+---+---+---+---+---+---+---+---+---+---+---+---+---+---+---+---+---+---+---+---+---+---+---+---+---+---+---+---+---+---+---+---+---+---+---+---+---+---+---+---+---+---+---+---+
|128|141|176|173|174|169|170|169|170|171|172|171|172|169|170|169|170|171|172|173|174|171|172|173|174|175|128|141|166|171|172|167|168|171|172|169|170|171|172|167|168|169|170|167|168|171|172|167|168|167|168|169|170|167|168|169|170|173|174|171|172|171|186|128|
|   |   |   |   |   |   |   |   |   |   |   |   |   |   |   |   |   |   |   |   |   |   |   |   |   |   |   |   |   |   |   |   |   |   |   |   |   |   |   |   |   |   |   |   |   |   |   |   |   |   |   |   |   |   |   |   |   |   |   |   |   |   |   |   |
+---+---+---+---+---+---+---+---+---+---+---+---+---+---+---+---+---+---+---+---+---+---+---+---+---+---+---+---+---+---+---+---+---+---+---+---+---+---+---+---+---+---+---+---+---+---+---+---+---+---+---+---+---+---+---+---+---+---+---+---+---+---+---+---+
|128|141|187|157|152|161|160|147|160|147|149|161|162|147|160|147|160|145|182|183|184|161|162|157|152|158|128|141|180|161|162|155|156|147|149|161|160|145|182|143|144|145|146|143|144|147|162|143|144|155|154|145|146|155|154|161|160|150|151|147|162|161|185|128|
|   |   |   |   |   |   |   |   |   |   |   |   |   |   |   |   |   |   |   |   |   |   |   |   |   |   |   |   |   |   |   |   |   |   |   |   |   |   |   |   |   |   |   |   |   |   |   |   |   |   |   |   |   |   |   |   |   |   |   |   |   |   |   |   |
+---+---+---+---+---+---+---+---+---+---+---+---+---+---+---+---+---+---+---+---+---+---+---+---+---+---+---+---+---+---+---+---+---+---+---+---+---+---+---+---+---+---+---+---+---+---+---+---+---+---+---+---+---+---+---+---+---+---+---+---+---+---+---+---+
|128|141|176|173|174|173|174|171|172|169|170|173|174|171|172|171|172|167|168|167|168|173|174|173|174|175|128|141|176|173|174|169|170|169|170|173|174|167|168|167|168|167|168|167|168|171|172|167|168|171|172|167|168|171|172|173|174|169|170|171|172|173|188|128|
|   |   |   |   |   |   |   |   |   |   |   |   |   |   |   |   |   |   |   |   |   |   |   |   |   |   |   |   |   |   |   |   |   |   |   |   |   |   |   |   |   |   |   |   |   |   |   |   |   |   |   |   |   |   |   |   |   |   |   |   |   |   |   |   |
+---+---+---+---+---+---+---+---+---+---+---+---+---+---+---+---+---+---+---+---+---+---+---+---+---+---+---+---+---+---+---+---+---+---+---+---+---+---+---+---+---+---+---+---+---+---+---+---+---+---+---+---+---+---+---+---+---+---+---+---+---+---+---+---+
|128|141|187|157|152|150|151|145|182|147|148|150|151|161|162|145|182|155|156|155|154|150|151|157|152|158|128|141|187|183|184|147|160|147|148|150|151|155|154|153|154|143|144|143|144|145|182|143|144|145|182|143|144|145|182|150|152|161|160|145|182|183|189|128|
|   |   |   |   |   |   |   |   |   |   |   |   |   |   |   |   |   |   |   |   |   |   |   |   |   |   |   |   |   |   |   |   |   |   |   |   |   |   |   |   |   |   |   |   |   |   |   |   |   |   |   |   |   |   |   |   |   |   |   |   |   |   |   |   |
+---+---+---+---+---+---+---+---+---+---+---+---+---+---+---+---+---+---+---+---+---+---+---+---+---+---+---+---+---+---+---+---+---+---+---+---+---+---+---+---+---+---+---+---+---+---+---+---+---+---+---+---+---+---+---+---+---+---+---+---+---+---+---+---+
|128|141|190|173|174|169|170|167|168|169|170|169|170|173|174|167|168|169|170|171|172|169|170|173|174|175|128|141|190|167|168|171|172|169|170|169|170|171|172|173|174|167|168|167|168|167|168|167|168|167|168|167|168|167|168|171|172|173|174|167|168|167|191|128|
|   |   |   |   |   |   |   |   |   |   |   |   |   |   |   |   |   |   |   |   |   |   |   |   |   |   |   |   |   |   |   |   |   |   |   |   |   |   |   |   |   |   |   |   |   |   |   |   |   |   |   |   |   |   |   |   |   |   |   |   |   |   |   |   |
+---+---+---+---+---+---+---+---+---+---+---+---+---+---+---+---+---+---+---+---+---+---+---+---+---+---+---+---+---+---+---+---+---+---+---+---+---+---+---+---+---+---+---+---+---+---+---+---+---+---+---+---+---+---+---+---+---+---+---+---+---+---+---+---+
|128|141|159|183|184|161|160|155|154|147|148|145|146|183|184|153|154|145|146|145|182|145|146|183|184|158|128|141|159|155|156|145|182|147|160|145|146|147|149|157|152|155|156|155|156|155|156|155|156|155|156|153|154|153|154|147|149|150|152|155|156|155|192|128|
|   |   |   |   |   |   |   |   |   |   |   |   |   |   |   |   |   |   |   |   |   |   |   |   |   |   |   |   |   |   |   |   |   |   |   |   |   |   |   |   |   |   |   |   |   |   |   |   |   |   |   |   |   |   |   |   |   |   |   |   |   |   |   |   |
+---+---+---+---+---+---+---+---+---+---+---+---+---+---+---+---+---+---+---+---+---+---+---+---+---+---+---+---+---+---+---+---+---+---+---+---+---+---+---+---+---+---+---+---+---+---+---+---+---+---+---+---+---+---+---+---+---+---+---+---+---+---+---+---+
|128|141|190|167|168|173|174|171|172|169|170|167|168|167|168|173|174|167|168|167|168|167|168|167|168|175|128|141|190|169|170|167|168|171|172|167|168|169|170|173|174|169|170|169|170|169|170|169|170|169|170|173|174|173|174|169|170|171|172|169|170|171|186|128|
|   |   |   |   |   |   |   |   |   |   |   |   |   |   |   |   |   |   |   |   |   |   |   |   |   |   |   |   |   |   |   |   |   |   |   |   |   |   |   |   |   |   |   |   |   |   |   |   |   |   |   |   |   |   |   |   |   |   |   |   |   |   |   |   |
+---+---+---+---+---+---+---+---+---+---+---+---+---+---+---+---+---+---+---+---+---+---+---+---+---+---+---+---+---+---+---+---+---+---+---+---+---+---+---+---+---+---+---+---+---+---+---+---+---+---+---+---+---+---+---+---+---+---+---+---+---+---+---+---+
|128|141|159|155|154|150|152|145|182|147|160|153|154|155|154|150|152|153|154|155|154|153|154|155|154|158|128|141|159|161|160|155|154|161|162|143|144|145|146|183|184|147|160|147|160|145|146|147|160|145|146|183|184|157|152|147|148|147|149|145|146|147|185|128|
|   |   |   |   |   |   |   |   |   |   |   |   |   |   |   |   |   |   |   |   |   |   |   |   |   |   |   |   |   |   |   |   |   |   |   |   |   |   |   |   |   |   |   |   |   |   |   |   |   |   |   |   |   |   |   |   |   |   |   |   |   |   |   |   |
+---+---+---+---+---+---+---+---+---+---+---+---+---+---+---+---+---+---+---+---+---+---+---+---+---+---+---+---+---+---+---+---+---+---+---+---+---+---+---+---+---+---+---+---+---+---+---+---+---+---+---+---+---+---+---+---+---+---+---+---+---+---+---+---+
|128|141|176|171|172|171|172|167|168|171|172|173|174|171|172|171|172|173|174|171|172|173|174|171|172|175|128|141|190|173|174|171|172|173|174|167|168|167|168|167|168|171|172|171|172|167|168|171|172|167|168|167|168|173|174|169|170|169|170|167|168|169|193|128|
|   |   |   |   |   |   |   |   |   |   |   |   |   |   |   |   |   |   |   |   |   |   |   |   |   |   |   |   |   |   |   |   |   |   |   |   |   |   |   |   |   |   |   |   |   |   |   |   |   |   |   |   |   |   |   |   |   |   |   |   |   |   |   |   |
+---+---+---+---+---+---+---+---+---+---+---+---+---+---+---+---+---+---+---+---+---+---+---+---+---+---+---+---+---+---+---+---+---+---+---+---+---+---+---+---+---+---+---+---+---+---+---+---+---+---+---+---+---+---+---+---+---+---+---+---+---+---+---+---+
|128|141|194|161|162|147|162|153|154|161|162|150|152|147|149|147|149|150|152|147|149|150|152|145|182|158|128|141|159|150|152|145|182|183|184|143|144|153|154|155|156|161|162|161|162|155|154|161|162|155|156|155|154|150|152|147|148|145|146|153|154|145|195|128|
|   |   |   |   |   |   |   |   |   |   |   |   |   |   |   |   |   |   |   |   |   |   |   |   |   |   |   |   |   |   |   |   |   |   |   |   |   |   |   |   |   |   |   |   |   |   |   |   |   |   |   |   |   |   |   |   |   |   |   |   |   |   |   |   |
+---+---+---+---+---+---+---+---+---+---+---+---+---+---+---+---+---+---+---+---+---+---+---+---+---+---+---+---+---+---+---+---+---+---+---+---+---+---+---+---+---+---+---+---+---+---+---+---+---+---+---+---+---+---+---+---+---+---+---+---+---+---+---+---+
|128|141|196|173|174|171|172|173|174|173|174|171|172|169|170|169|170|171|172|169|170|171|172|167|168|175|128|141|176|171|172|167|168|167|168|167|168|173|174|169|170|173|174|173|174|171|172|173|174|169|170|171|172|171|172|169|170|167|168|173|174|167|191|128|
|   |   |   |   |   |   |   |   |   |   |   |   |   |   |   |   |   |   |   |   |   |   |   |   |   |   |   |   |   |   |   |   |   |   |   |   |   |   |   |   |   |   |   |   |   |   |   |   |   |   |   |   |   |   |   |   |   |   |   |   |   |   |   |   |
+---+---+---+---+---+---+---+---+---+---+---+---+---+---+---+---+---+---+---+---+---+---+---+---+---+---+---+---+---+---+---+---+---+---+---+---+---+---+---+---+---+---+---+---+---+---+---+---+---+---+---+---+---+---+---+---+---+---+---+---+---+---+---+---+
|128|141|197|150|152|147|149|150|152|150|151|147|162|145|146|147|148|147|162|147|148|161|162|155|154|158|128|141|194|147|149|153|154|155|154|155|156|183|184|161|160|150|151|150|152|147|162|150|152|147|148|145|182|161|162|147|160|143|144|150|152|153|192|128|
|   |   |   |   |   |   |   |   |   |   |   |   |   |   |   |   |   |   |   |   |   |   |   |   |   |   |   |   |   |   |   |   |   |   |   |   |   |   |   |   |   |   |   |   |   |   |   |   |   |   |   |   |   |   |   |   |   |   |   |   |   |   |   |   |
+---+---+---+---+---+---+---+---+---+---+---+---+---+---+---+---+---+---+---+---+---+---+---+---+---+---+---+---+---+---+---+---+---+---+---+---+---+---+---+---+---+---+---+---+---+---+---+---+---+---+---+---+---+---+---+---+---+---+---+---+---+---+---+---+
|128|141|190|171|172|169|170|171|172|169|170|171|172|167|168|169|170|171|172|169|170|173|174|171|172|175|128|141|196|169|170|173|174|171|172|169|170|167|168|173|174|169|170|171|172|171|172|171|172|169|170|167|168|173|174|171|172|167|168|171|172|173|188|128|
|   |   |   |   |   |   |   |   |   |   |   |   |   |   |   |   |   |   |   |   |   |   |   |   |   |   |   |   |   |   |   |   |   |   |   |   |   |   |   |   |   |   |   |   |   |   |   |   |   |   |   |   |   |   |   |   |   |   |   |   |   |   |   |   |
+---+---+---+---+---+---+---+---+---+---+---+---+---+---+---+---+---+---+---+---+---+---+---+---+---+---+---+---+---+---+---+---+---+---+---+---+---+---+---+---+---+---+---+---+---+---+---+---+---+---+---+---+---+---+---+---+---+---+---+---+---+---+---+---+
|128|141|198|147|149|147|160|147|162|161|160|147|162|153|154|147|148|147|162|147|148|157|152|147|149|158|128|141|199|147|148|157|152|145|182|147|160|143|144|150|151|145|146|145|182|147|149|145|182|147|148|155|154|183|184|161|162|155|156|147|162|157|200|128|
|   |   |   |   |   |   |   |   |   |   |   |   |   |   |   |   |   |   |   |   |   |   |   |   |   |   |   |   |   |   |   |   |   |   |   |   |   |   |   |   |   |   |   |   |   |   |   |   |   |   |   |   |   |   |   |   |   |   |   |   |   |   |   |   |
+---+---+---+---+---+---+---+---+---+---+---+---+---+---+---+---+---+---+---+---+---+---+---+---+---+---+---+---+---+---+---+---+---+---+---+---+---+---+---+---+---+---+---+---+---+---+---+---+---+---+---+---+---+---+---+---+---+---+---+---+---+---+---+---+
|128|141|196|169|170|171|172|171|172|173|174|171|172|173|174|169|170|171|172|169|170|173|174|169|170|175|128|141|166|169|170|173|174|167|168|171|172|167|168|169|170|167|168|167|168|169|170|167|168|169|170|171|172|167|168|173|174|169|170|171|172|173|188|128|
|   |   |   |   |   |   |   |   |   |   |   |   |   |   |   |   |   |   |   |   |   |   |   |   |   |   |   |   |   |   |   |   |   |   |   |   |   |   |   |   |   |   |   |   |   |   |   |   |   |   |   |   |   |   |   |   |   |   |   |   |   |   |   |   |
+---+---+---+---+---+---+---+---+---+---+---+---+---+---+---+---+---+---+---+---+---+---+---+---+---+---+---+---+---+---+---+---+---+---+---+---+---+---+---+---+---+---+---+---+---+---+---+---+---+---+---+---+---+---+---+---+---+---+---+---+---+---+---+---+
|128|141|197|145|146|161|162|161|162|150|152|161|162|157|152|147|160|161|162|147|148|183|184|147|148|158|128|141|180|147|148|157|152|153|154|161|162|155|156|161|160|153|154|153|154|147|160|143|144|147|160|147|149|155|156|150|151|147|160|147|162|157|200|128|
|   |   |   |   |   |   |   |   |   |   |   |   |   |   |   |   |   |   |   |   |   |   |   |   |   |   |   |   |   |   |   |   |   |   |   |   |   |   |   |   |   |   |   |   |   |   |   |   |   |   |   |   |   |   |   |   |   |   |   |   |   |   |   |   |
+---+---+---+---+---+---+---+---+---+---+---+---+---+---+---+---+---+---+---+---+---+---+---+---+---+---+---+---+---+---+---+---+---+---+---+---+---+---+---+---+---+---+---+---+---+---+---+---+---+---+---+---+---+---+---+---+---+---+---+---+---+---+---+---+
|128|141|176|167|168|173|174|173|174|171|172|173|174|173|174|171|172|173|174|169|170|167|168|169|170|175|128|141|176|169|170|173|174|173|174|173|174|169|170|173|174|173|174|173|174|171|172|167|168|171|172|169|170|169|170|169|170|171|172|171|172|173|188|128|
|   |   |   |   |   |   |   |   |   |   |   |   |   |   |   |   |   |   |   |   |   |   |   |   |   |   |   |   |   |   |   |   |   |   |   |   |   |   |   |   |   |   |   |   |   |   |   |   |   |   |   |   |   |   |   |   |   |   |   |   |   |   |   |   |
+---+---+---+---+---+---+---+---+---+---+---+---+---+---+---+---+---+---+---+---+---+---+---+---+---+---+---+---+---+---+---+---+---+---+---+---+---+---+---+---+---+---+---+---+---+---+---+---+---+---+---+---+---+---+---+---+---+---+---+---+---+---+---+---+
|128|141|187|143|144|183|184|157|152|147|149|150|151|183|184|145|182|183|184|147|160|155|154|147|148|158|128|141|187|147|160|183|184|157|152|150|151|161|160|157|152|150|152|157|152|147|162|153|154|145|182|145|146|161|160|161|160|145|182|161|162|183|189|128|
|   |   |   |   |   |   |   |   |   |   |   |   |   |   |   |   |   |   |   |   |   |   |   |   |   |   |   |   |   |   |   |   |   |   |   |   |   |   |   |   |   |   |   |   |   |   |   |   |   |   |   |   |   |   |   |   |   |   |   |   |   |   |   |   |
+---+---+---+---+---+---+---+---+---+---+---+---+---+---+---+---+---+---+---+---+---+---+---+---+---+---+---+---+---+---+---+---+---+---+---+---+---+---+---+---+---+---+---+---+---+---+---+---+---+---+---+---+---+---+---+---+---+---+---+---+---+---+---+---+
|128|141|190|167|168|167|168|173|174|169|170|169|170|167|168|167|168|167|168|171|172|171|172|169|170|175|128|141|190|171|172|167|168|173|174|169|170|173|174|173|174|171|172|173|174|171|172|173|174|167|168|167|168|173|174|173|174|167|168|173|174|167|191|128|
|   |   |   |   |   |   |   |   |   |   |   |   |   |   |   |   |   |   |   |   |   |   |   |   |   |   |   |   |   |   |   |   |   |   |   |   |   |   |   |   |   |   |   |   |   |   |   |   |   |   |   |   |   |   |   |   |   |   |   |   |   |   |   |   |
+---+---+---+---+---+---+---+---+---+---+---+---+---+---+---+---+---+---+---+---+---+---+---+---+---+---+---+---+---+---+---+---+---+---+---+---+---+---+---+---+---+---+---+---+---+---+---+---+---+---+---+---+---+---+---+---+---+---+---+---+---+---+---+---+
|128|141|201|143|144|155|154|150|151|147|148|161|160|155|156|155|154|155|154|145|182|145|182|147|148|158|128|141|201|161|162|155|156|150|152|145|146|150|151|150|152|147|162|157|152|145|182|157|152|155|154|143|144|150|151|150|152|155|154|183|184|155|192|128|
|   |   |   |   |   |   |   |   |   |   |   |   |   |   |   |   |   |   |   |   |   |   |   |   |   |   |   |   |   |   |   |   |   |   |   |   |   |   |   |   |   |   |   |   |   |   |   |   |   |   |   |   |   |   |   |   |   |   |   |   |   |   |   |   |
+---+---+---+---+---+---+---+---+---+---+---+---+---+---+---+---+---+---+---+---+---+---+---+---+---+---+---+---+---+---+---+---+---+---+---+---+---+---+---+---+---+---+---+---+---+---+---+---+---+---+---+---+---+---+---+---+---+---+---+---+---+---+---+---+
|128|141|166|167|168|171|172|169|170|169|170|173|174|169|170|171|172|171|172|167|168|167|168|169|170|175|128|141|166|173|174|169|170|171|172|167|168|169|170|171|172|171|172|173|174|167|168|173|174|171|172|167|168|169|170|171|172|171|172|167|168|169|193|128|
|   |   |   |   |   |   |   |   |   |   |   |   |   |   |   |   |   |   |   |   |   |   |   |   |   |   |   |   |   |   |   |   |   |   |   |   |   |   |   |   |   |   |   |   |   |   |   |   |   |   |   |   |   |   |   |   |   |   |   |   |   |   |   |   |
+---+---+---+---+---+---+---+---+---+---+---+---+---+---+---+---+---+---+---+---+---+---+---+---+---+---+---+---+---+---+---+---+---+---+---+---+---+---+---+---+---+---+---+---+---+---+---+---+---+---+---+---+---+---+---+---+---+---+---+---+---+---+---+---+
|128|141|180|155|156|147|149|161|160|147|148|150|151|147|160|145|182|145|182|155|154|155|154|147|160|158|128|141|202|183|184|147|160|161|162|153|154|145|146|147|162|147|162|183|184|155|156|183|184|145|182|143|144|145|146|147|149|145|182|155|154|161|203|128|
|   |   |   |   |   |   |   |   |   |   |   |   |   |   |   |   |   |   |   |   |   |   |   |   |   |   |   |   |   |   |   |   |   |   |   |   |   |   |   |   |   |   |   |   |   |   |   |   |   |   |   |   |   |   |   |   |   |   |   |   |   |   |   |   |
+---+---+---+---+---+---+---+---+---+---+---+---+---+---+---+---+---+---+---+---+---+---+---+---+---+---+---+---+---+---+---+---+---+---+---+---+---+---+---+---+---+---+---+---+---+---+---+---+---+---+---+---+---+---+---+---+---+---+---+---+---+---+---+---+
|128|141|190|169|170|169|170|173|174|169|170|169|170|171|172|167|168|167|168|171|172|171|172|171|172|175|128|141|196|167|168|171|172|173|174|173|174|167|168|171|172|171|172|167|168|169|170|167|168|167|168|167|168|167|168|169|170|167|168|171|172|173|188|128|
|   |   |   |   |   |   |   |   |   |   |   |   |   |   |   |   |   |   |   |   |   |   |   |   |   |   |   |   |   |   |   |   |   |   |   |   |   |   |   |   |   |   |   |   |   |   |   |   |   |   |   |   |   |   |   |   |   |   |   |   |   |   |   |   |
+---+---+---+---+---+---+---+---+---+---+---+---+---+---+---+---+---+---+---+---+---+---+---+---+---+---+---+---+---+---+---+---+---+---+---+---+---+---+---+---+---+---+---+---+---+---+---+---+---+---+---+---+---+---+---+---+---+---+---+---+---+---+---+---+
|128|141|159|147|160|145|146|150|151|147|160|145|146|145|182|153|154|153|154|145|182|147|149|145|182|158|128|141|204|155|154|145|182|183|184|157|152|153|154|161|162|161|162|155|156|145|146|155|156|153|154|155|156|153|154|147|148|153|154|145|182|150|200|128|
|   |   |   |   |   |   |   |   |   |   |   |   |   |   |   |   |   |   |   |   |   |   |   |   |   |   |   |   |   |   |   |   |   |   |   |   |   |   |   |   |   |   |   |   |   |   |   |   |   |   |   |   |   |   |   |   |   |   |   |   |   |   |   |   |
+---+---+---+---+---+---+---+---+---+---+---+---+---+---+---+---+---+---+---+---+---+---+---+---+---+---+---+---+---+---+---+---+---+---+---+---+---+---+---+---+---+---+---+---+---+---+---+---+---+---+---+---+---+---+---+---+---+---+---+---+---+---+---+---+
|128|141|190|171|172|167|168|169|170|171|172|167|168|167|168|173|174|173|174|167|168|169|170|167|168|175|128|141|196|171|172|167|168|167|168|173|174|173|174|173|174|173|174|169|170|167|168|169|170|173|174|169|170|173|174|169|170|173|174|167|168|171|186|128|
|   |   |   |   |   |   |   |   |   |   |   |   |   |   |   |   |   |   |   |   |   |   |   |   |   |   |   |   |   |   |   |   |   |   |   |   |   |   |   |   |   |   |   |   |   |   |   |   |   |   |   |   |   |   |   |   |   |   |   |   |   |   |   |   |
+---+---+---+---+---+---+---+---+---+---+---+---+---+---+---+---+---+---+---+---+---+---+---+---+---+---+---+---+---+---+---+---+---+---+---+---+---+---+---+---+---+---+---+---+---+---+---+---+---+---+---+---+---+---+---+---+---+---+---+---+---+---+---+---+
|128|141|159|145|182|153|154|145|146|161|162|153|154|153|154|157|152|150|152|153|154|147|148|155|154|158|128|141|199|147|149|153|154|155|156|157|152|157|152|183|184|150|151|161|160|155|154|161|160|150|151|161|160|157|152|147|148|157|152|153|154|147|185|128|
|   |   |   |   |   |   |   |   |   |   |   |   |   |   |   |   |   |   |   |   |   |   |   |   |   |   |   |   |   |   |   |   |   |   |   |   |   |   |   |   |   |   |   |   |   |   |   |   |   |   |   |   |   |   |   |   |   |   |   |   |   |   |   |   |
+---+---+---+---+---+---+---+---+---+---+---+---+---+---+---+---+---+---+---+---+---+---+---+---+---+---+---+---+---+---+---+---+---+---+---+---+---+---+---+---+---+---+---+---+---+---+---+---+---+---+---+---+---+---+---+---+---+---+---+---+---+---+---+---+
|128|141|176|167|168|173|174|167|168|173|174|173|174|173|174|173|174|171|172|173|174|169|170|171|172|175|128|141|166|169|170|173|174|169|170|173|174|173|174|167|168|169|170|173|174|171|172|173|174|169|170|173|174|173|174|169|170|173|174|173|174|169|193|128|
|   |   |   |   |   |   |   |   |   |   |   |   |   |   |   |   |   |   |   |   |   |   |   |   |   |   |   |   |   |   |   |   |   |   |   |   |   |   |   |   |   |   |   |   |   |   |   |   |   |   |   |   |   |   |   |   |   |   |   |   |   |   |   |   |
+---+---+---+---+---+---+---+---+---+---+---+---+---+---+---+---+---+---+---+---+---+---+---+---+---+---+---+---+---+---+---+---+---+---+---+---+---+---+---+---+---+---+---+---+---+---+---+---+---+---+---+---+---+---+---+---+---+---+---+---+---+---+---+---+
|128|141|181|153|154|157|152|153|154|150|151|157|152|150|152|157|152|147|162|150|152|147|148|145|182|158|128|141|180|145|146|150|152|161|160|183|184|157|152|155|154|161|160|150|151|147|162|150|151|145|146|183|184|157|152|147|160|157|152|150|152|145|195|128|
|   |   |   |   |   |   |   |   |   |   |   |   |   |   |   |   |   |   |   |   |   |   |   |   |   |   |   |   |   |   |   |   |   |   |   |   |   |   |   |   |   |   |   |   |   |   |   |   |   |   |   |   |   |   |   |   |   |   |   |   |   |   |   |   |
+---+---+---+---+---+---+---+---+---+---+---+---+---+---+---+---+---+---+---+---+---+---+---+---+---+---+---+---+---+---+---+---+---+---+---+---+---+---+---+---+---+---+---+---+---+---+---+---+---+---+---+---+---+---+---+---+---+---+---+---+---+---+---+---+
|128|141|166|173|174|173|174|173|174|169|170|173|174|171|172|173|174|171|172|171|172|169|170|167|168|175|128|141|190|167|168|171|172|173|174|167|168|173|174|171|172|173|174|169|170|171|172|169|170|167|168|167|168|173|174|171|172|173|174|171|172|167|191|128|
|   |   |   |   |   |   |   |   |   |   |   |   |   |   |   |   |   |   |   |   |   |   |   |   |   |   |   |   |   |   |   |   |   |   |   |   |   |   |   |   |   |   |   |   |   |   |   |   |   |   |   |   |   |   |   |   |   |   |   |   |   |   |   |   |
+---+---+---+---+---+---+---+---+---+---+---+---+---+---+---+---+---+---+---+---+---+---+---+---+---+---+---+---+---+---+---+---+---+---+---+---+---+---+---+---+---+---+---+---+---+---+---+---+---+---+---+---+---+---+---+---+---+---+---+---+---+---+---+---+
|128|141|180|150|152|157|152|157|152|161|160|183|184|147|149|157|152|147|162|147|162|147|160|153|154|158|128|141|159|143|144|147|162|150|152|155|156|183|184|145|182|150|151|145|146|147|149|145|146|153|154|155|154|183|184|161|162|183|184|147|162|143|205|128|
|   |   |   |   |   |   |   |   |   |   |   |   |   |   |   |   |   |   |   |   |   |   |   |   |   |   |   |   |   |   |   |   |   |   |   |   |   |   |   |   |   |   |   |   |   |   |   |   |   |   |   |   |   |   |   |   |   |   |   |   |   |   |   |   |
+---+---+---+---+---+---+---+---+---+---+---+---+---+---+---+---+---+---+---+---+---+---+---+---+---+---+---+---+---+---+---+---+---+---+---+---+---+---+---+---+---+---+---+---+---+---+---+---+---+---+---+---+---+---+---+---+---+---+---+---+---+---+---+---+
|128|141|176|171|172|173|174|173|174|173|174|167|168|169|170|173|174|171|172|171|172|171|172|173|174|175|128|141|176|167|168|171|172|171|172|169|170|167|168|167|168|169|170|167|168|169|170|167|168|173|174|171|172|167|168|173|174|167|168|171|172|167|191|128|
|   |   |   |   |   |   |   |   |   |   |   |   |   |   |   |   |   |   |   |   |   |   |   |   |   |   |   |   |   |   |   |   |   |   |   |   |   |   |   |   |   |   |   |   |   |   |   |   |   |   |   |   |   |   |   |   |   |   |   |   |   |   |   |   |
+---+---+---+---+---+---+---+---+---+---+---+---+---+---+---+---+---+---+---+---+---+---+---+---+---+---+---+---+---+---+---+---+---+---+---+---+---+---+---+---+---+---+---+---+---+---+---+---+---+---+---+---+---+---+---+---+---+---+---+---+---+---+---+---+
|128|141|187|147|149|183|184|183|184|150|152|155|156|147|148|183|184|161|162|161|162|161|162|157|152|158|128|141|187|143|144|147|162|145|182|147|160|155|156|153|154|145|146|153|154|147|160|153|154|183|184|147|149|155|156|150|151|155|156|147|162|143|205|128|
|   |   |   |   |   |   |   |   |   |   |   |   |   |   |   |   |   |   |   |   |   |   |   |   |   |   |   |   |   |   |   |   |   |   |   |   |   |   |   |   |   |   |   |   |   |   |   |   |   |   |   |   |   |   |   |   |   |   |   |   |   |   |   |   |
+---+---+---+---+---+---+---+---+---+---+---+---+---+---+---+---+---+---+---+---+---+---+---+---+---+---+---+---+---+---+---+---+---+---+---+---+---+---+---+---+---+---+---+---+---+---+---+---+---+---+---+---+---+---+---+---+---+---+---+---+---+---+---+---+
|128|141|190|169|170|167|168|167|168|171|172|169|170|169|170|167|168|173|174|173|174|173|174|173|174|175|128|141|190|167|168|171|172|167|168|171|172|169|170|173|174|167|168|173|174|171|172|173|174|167|168|169|170|169|170|169|170|169|170|171|172|167|191|128|
|   |   |   |   |   |   |   |   |   |   |   |   |   |   |   |   |   |   |   |   |   |   |   |   |   |   |   |   |   |   |   |   |   |   |   |   |   |   |   |   |   |   |   |   |   |   |   |   |   |   |   |   |   |   |   |   |   |   |   |   |   |   |   |   |
+---+---+---+---+---+---+---+---+---+---+---+---+---+---+---+---+---+---+---+---+---+---+---+---+---+---+---+---+---+---+---+---+---+---+---+---+---+---+---+---+---+---+---+---+---+---+---+---+---+---+---+---+---+---+---+---+---+---+---+---+---+---+---+---+
|128|141|201|147|148|155|154|155|156|147|149|147|160|147|160|155|156|183|184|183|184|183|184|157|152|158|128|141|198|155|156|147|162|143|144|145|182|161|160|150|152|143|144|150|152|147|162|157|152|155|154|145|146|161|160|161|160|147|160|161|162|155|192|128|
|   |   |   |   |   |   |   |   |   |   |   |   |   |   |   |   |   |   |   |   |   |   |   |   |   |   |   |   |   |   |   |   |   |   |   |   |   |   |   |   |   |   |   |   |   |   |   |   |   |   |   |   |   |   |   |   |   |   |   |   |   |   |   |   |
+---+---+---+---+---+---+---+---+---+---+---+---+---+---+---+---+---+---+---+---+---+---+---+---+---+---+---+---+---+---+---+---+---+---+---+---+---+---+---+---+---+---+---+---+---+---+---+---+---+---+---+---+---+---+---+---+---+---+---+---+---+---+---+---+
|128|141|166|169|170|171|172|169|170|169|170|171|172|171|172|169|170|167|168|206|207|208|207|209|210|211|128|141|196|169|170|171|172|167|168|167|168|173|174|171|172|167|168|171|172|171|172|173|174|171|172|167|168|173|174|173|174|171|172|173|174|169|193|128|
|   |   |   |   |   |   |   |   |   |   |   |   |   |   |   |   |   |   |   |   |   |   |   |   |   |   |   |   |   |   |   |   |   |   |   |   |   |   |   |   |   |   |   |   |   |   |   |   |   |   |   |   |   |   |   |   |   |   |   |   |   |   |   |   |
+---+---+---+---+---+---+---+---+---+---+---+---+---+---+---+---+---+---+---+---+---+---+---+---+---+---+---+---+---+---+---+---+---+---+---+---+---+---+---+---+---+---+---+---+---+---+---+---+---+---+---+---+---+---+---+---+---+---+---+---+---+---+---+---+
|128|141|142|147|148|145|182|147|160|147|148|145|182|161|162|161|160|212|213|214|214|214|214|214|214|215|128|141|197|147|160|161|162|143|144|153|154|150|151|147|149|143|144|161|162|145|182|157|152|145|182|143|144|150|151|150|152|147|149|183|184|147|203|128|
|   |   |   |   |   |   |   |   |   |   |   |   |   |   |   |   |   |   |   |   |   |   |   |   |   |   |   |   |   |   |   |   |   |   |   |   |   |   |   |   |   |   |   |   |   |   |   |   |   |   |   |   |   |   |   |   |   |   |   |   |   |   |   |   |
+---+---+---+---+---+---+---+---+---+---+---+---+---+---+---+---+---+---+---+---+---+---+---+---+---+---+---+---+---+---+---+---+---+---+---+---+---+---+---+---+---+---+---+---+---+---+---+---+---+---+---+---+---+---+---+---+---+---+---+---+---+---+---+---+
|128|141|166|169|170|167|168|171|172|169|170|167|168|173|174|173|174|175|128|128|128|128|128|128|128|128|128|216|217|171|172|173|174|167|168|173|174|169|170|169|170|167|168|173|174|167|168|173|174|167|168|167|168|169|170|171|172|169|170|167|168|171|186|128|
|   |   |   |   |   |   |   |   |   |   |   |   |   |   |   |   |   |   |   |   |   |   |   |   |   |   |   |   |   |   |   |   |   |   |   |   |   |   |   |   |   |   |   |   |   |   |   |   |   |   |   |   |   |   |   |   |   |   |   |   |   |   |   |   |
+---+---+---+---+---+---+---+---+---+---+---+---+---+---+---+---+---+---+---+---+---+---+---+---+---+---+---+---+---+---+---+---+---+---+---+---+---+---+---+---+---+---+---+---+---+---+---+---+---+---+---+---+---+---+---+---+---+---+---+---+---+---+---+---+
|128|141|142|147|160|155|154|145|182|147|148|155|154|183|184|150|152|158|128|129|218|219|220|221|222|223|224|225|152|161|162|150|151|143|144|150|152|145|146|147|160|143|144|157|152|155|156|183|184|153|154|143|144|145|146|147|162|161|160|155|154|145|226|128|
|   |   |   |   |   |   |   |   |   |   |   |   |   |   |   |   |   |   |   |   |   |   |   |   |   |   |   |   |   |   |   |   |   |   |   |   |   |   |   |   |   |   |   |   |   |   |   |   |   |   |   |   |   |   |   |   |   |   |   |   |   |   |   |   |
+---+---+---+---+---+---+---+---+---+---+---+---+---+---+---+---+---+---+---+---+---+---+---+---+---+---+---+---+---+---+---+---+---+---+---+---+---+---+---+---+---+---+---+---+---+---+---+---+---+---+---+---+---+---+---+---+---+---+---+---+---+---+---+---+
|128|141|166|171|172|171|172|167|168|169|170|171|172|167|168|171|172|175|128|141|176|169|170|167|168|173|174|173|174|173|174|169|170|167|168|171|172|167|168|171|172|167|168|173|174|169|170|167|168|173|174|167|168|167|168|171|172|173|174|171|172|167|191|128|
|   |   |   |   |   |   |   |   |   |   |   |   |   |   |   |   |   |   |   |   |   |   |   |   |   |   |   |   |   |   |   |   |   |   |   |   |   |   |   |   |   |   |   |   |   |   |   |   |   |   |   |   |   |   |   |   |   |   |   |   |   |   |   |   |
+---+---+---+---+---+---+---+---+---+---+---+---+---+---+---+---+---+---+---+---+---+---+---+---+---+---+---+---+---+---+---+---+---+---+---+---+---+---+---+---+---+---+---+---+---+---+---+---+---+---+---+---+---+---+---+---+---+---+---+---+---+---+---+---+
|128|141|180|161|162|147|149|155|154|147|160|147|149|155|154|147|149|158|128|141|187|145|146|155|154|150|152|157|152|150|151|161|160|155|156|147|162|153|154|147|162|155|156|183|184|145|146|155|156|150|152|155|156|143|144|147|149|150|152|145|182|153|192|128|
|   |   |   |   |   |   |   |   |   |   |   |   |   |   |   |   |   |   |   |   |   |   |   |   |   |   |   |   |   |   |   |   |   |   |   |   |   |   |   |   |   |   |   |   |   |   |   |   |   |   |   |   |   |   |   |   |   |   |   |   |   |   |   |   |
+---+---+---+---+---+---+---+---+---+---+---+---+---+---+---+---+---+---+---+---+---+---+---+---+---+---+---+---+---+---+---+---+---+---+---+---+---+---+---+---+---+---+---+---+---+---+---+---+---+---+---+---+---+---+---+---+---+---+---+---+---+---+---+---+
|128|141|190|173|174|169|170|171|172|171|172|169|170|171|172|169|170|175|128|141|190|167|168|171|172|171|172|173|174|169|170|173|174|169|170|171|172|173|174|171|172|169|170|167|168|167|168|169|170|171|172|169|170|167|168|169|170|171|172|167|168|173|188|128|
|   |   |   |   |   |   |   |   |   |   |   |   |   |   |   |   |   |   |   |   |   |   |   |   |   |   |   |   |   |   |   |   |   |   |   |   |   |   |   |   |   |   |   |   |   |   |   |   |   |   |   |   |   |   |   |   |   |   |   |   |   |   |   |   |
+---+---+---+---+---+---+---+---+---+---+---+---+---+---+---+---+---+---+---+---+---+---+---+---+---+---+---+---+---+---+---+---+---+---+---+---+---+---+---+---+---+---+---+---+---+---+---+---+---+---+---+---+---+---+---+---+---+---+---+---+---+---+---+---+
|128|141|159|150|151|145|146|147|149|161|162|147|148|147|149|145|146|158|128|141|201|153|154|145|182|147|149|157|152|145|146|150|152|147|160|147|162|150|152|161|162|161|160|155|154|155|154|161|160|147|149|147|160|153|154|147|160|147|162|153|154|150|200|128|
|   |   |   |   |   |   |   |   |   |   |   |   |   |   |   |   |   |   |   |   |   |   |   |   |   |   |   |   |   |   |   |   |   |   |   |   |   |   |   |   |   |   |   |   |   |   |   |   |   |   |   |   |   |   |   |   |   |   |   |   |   |   |   |   |
+---+---+---+---+---+---+---+---+---+---+---+---+---+---+---+---+---+---+---+---+---+---+---+---+---+---+---+---+---+---+---+---+---+---+---+---+---+---+---+---+---+---+---+---+---+---+---+---+---+---+---+---+---+---+---+---+---+---+---+---+---+---+---+---+
|128|141|176|169|170|167|168|169|170|173|174|169|170|169|170|167|168|175|128|141|166|173|174|167|168|169|170|173|174|167|168|171|172|171|172|171|172|171|172|173|174|173|174|171|172|171|172|173|174|169|170|171|172|173|174|171|172|171|172|173|174|171|186|128|
|   |   |   |   |   |   |   |   |   |   |   |   |   |   |   |   |   |   |   |   |   |   |   |   |   |   |   |   |   |   |   |   |   |   |   |   |   |   |   |   |   |   |   |   |   |   |   |   |   |   |   |   |   |   |   |   |   |   |   |   |   |   |   |   |
+---+---+---+---+---+---+---+---+---+---+---+---+---+---+---+---+---+---+---+---+---+---+---+---+---+---+---+---+---+---+---+---+---+---+---+---+---+---+---+---+---+---+---+---+---+---+---+---+---+---+---+---+---+---+---+---+---+---+---+---+---+---+---+---+
|128|141|194|145|146|143|144|147|148|150|151|147|148|145|146|143|144|158|128|141|202|157|152|155|154|147|148|183|184|153|154|147|149|145|182|147|162|161|162|150|151|150|151|145|182|147|162|150|151|147|148|145|182|183|184|147|162|147|162|157|152|147|185|128|
|   |   |   |   |   |   |   |   |   |   |   |   |   |   |   |   |   |   |   |   |   |   |   |   |   |   |   |   |   |   |   |   |   |   |   |   |   |   |   |   |   |   |   |   |   |   |   |   |   |   |   |   |   |   |   |   |   |   |   |   |   |   |   |   |
+---+---+---+---+---+---+---+---+---+---+---+---+---+---+---+---+---+---+---+---+---+---+---+---+---+---+---+---+---+---+---+---+---+---+---+---+---+---+---+---+---+---+---+---+---+---+---+---+---+---+---+---+---+---+---+---+---+---+---+---+---+---+---+---+
|128|141|196|167|168|167|168|169|170|169|170|169|170|167|168|167|168|175|128|141|196|173|174|171|172|169|170|167|168|173|174|169|170|167|168|171|172|173|174|169|170|169|170|167|168|171|172|169|170|169|170|167|168|167|168|171|172|171|172|173|174|169|193|128|
|   |   |   |   |   |   |   |   |   |   |   |   |   |   |   |   |   |   |   |   |   |   |   |   |   |   |   |   |   |   |   |   |   |   |   |   |   |   |   |   |   |   |   |   |   |   |   |   |   |   |   |   |   |   |   |   |   |   |   |   |   |   |   |   |
+---+---+---+---+---+---+---+---+---+---+---+---+---+---+---+---+---+---+---+---+---+---+---+---+---+---+---+---+---+---+---+---+---+---+---+---+---+---+---+---+---+---+---+---+---+---+---+---+---+---+---+---+---+---+---+---+---+---+---+---+---+---+---+---+
|128|141|197|155|154|155|156|145|146|161|160|147|148|153|154|155|156|158|128|141|204|183|184|147|149|147|148|155|154|157|152|145|146|153|154|161|162|157|152|161|160|161|160|153|154|147|149|145|146|147|148|153|154|155|156|145|182|147|162|150|152|147|203|128|
|   |   |   |   |   |   |   |   |   |   |   |   |   |   |   |   |   |   |   |   |   |   |   |   |   |   |   |   |   |   |   |   |   |   |   |   |   |   |   |   |   |   |   |   |   |   |   |   |   |   |   |   |   |   |   |   |   |   |   |   |   |   |   |   |
+---+---+---+---+---+---+---+---+---+---+---+---+---+---+---+---+---+---+---+---+---+---+---+---+---+---+---+---+---+---+---+---+---+---+---+---+---+---+---+---+---+---+---+---+---+---+---+---+---+---+---+---+---+---+---+---+---+---+---+---+---+---+---+---+
|128|141|190|171|172|169|170|167|168|173|174|169|170|173|174|169|170|175|128|141|196|167|168|169|170|169|170|171|172|173|174|167|168|173|174|173|174|173|174|173|174|173|174|173|174|169|170|167|168|169|170|173|174|169|170|167|168|171|172|171|172|169|193|128|
|   |   |   |   |   |   |   |   |   |   |   |   |   |   |   |   |   |   |   |   |   |   |   |   |   |   |   |   |   |   |   |   |   |   |   |   |   |   |   |   |   |   |   |   |   |   |   |   |   |   |   |   |   |   |   |   |   |   |   |   |   |   |   |   |
+---+---+---+---+---+---+---+---+---+---+---+---+---+---+---+---+---+---+---+---+---+---+---+---+---+---+---+---+---+---+---+---+---+---+---+---+---+---+---+---+---+---+---+---+---+---+---+---+---+---+---+---+---+---+---+---+---+---+---+---+---+---+---+---+
|128|141|201|147|162|147|160|155|156|150|151|147|148|157|152|147|160|158|128|141|199|155|156|147|148|147|160|145|182|157|152|143|144|150|152|150|151|183|184|150|152|150|152|150|152|147|148|153|154|145|146|183|184|147|160|155|156|145|182|161|162|147|203|128|
|   |   |   |   |   |   |   |   |   |   |   |   |   |   |   |   |   |   |   |   |   |   |   |   |   |   |   |   |   |   |   |   |   |   |   |   |   |   |   |   |   |   |   |   |   |   |   |   |   |   |   |   |   |   |   |   |   |   |   |   |   |   |   |   |
+---+---+---+---+---+---+---+---+---+---+---+---+---+---+---+---+---+---+---+---+---+---+---+---+---+---+---+---+---+---+---+---+---+---+---+---+---+---+---+---+---+---+---+---+---+---+---+---+---+---+---+---+---+---+---+---+---+---+---+---+---+---+---+---+
|128|141|166|171|172|171|172|169|170|169|170|169|170|173|174|171|172|175|128|141|166|169|170|169|170|171|172|167|168|173|174|167|168|171|172|169|170|167|168|171|172|171|172|171|172|169|170|173|174|167|168|167|168|171|172|169|170|167|168|173|174|169|193|128|
|   |   |   |   |   |   |   |   |   |   |   |   |   |   |   |   |   |   |   |   |   |   |   |   |   |   |   |   |   |   |   |   |   |   |   |   |   |   |   |   |   |   |   |   |   |   |   |   |   |   |   |   |   |   |   |   |   |   |   |   |   |   |   |   |
+---+---+---+---+---+---+---+---+---+---+---+---+---+---+---+---+---+---+---+---+---+---+---+---+---+---+---+---+---+---+---+---+---+---+---+---+---+---+---+---+---+---+---+---+---+---+---+---+---+---+---+---+---+---+---+---+---+---+---+---+---+---+---+---+
|128|141|202|147|162|161|162|147|160|147|148|145|146|183|184|161|162|158|128|141|180|161|160|147|148|161|162|155|154|183|184|155|156|147|149|161|160|155|154|147|149|147|149|147|162|147|160|150|152|143|144|143|144|145|182|145|146|155|156|157|152|147|203|128|
|   |   |   |   |   |   |   |   |   |   |   |   |   |   |   |   |   |   |   |   |   |   |   |   |   |   |   |   |   |   |   |   |   |   |   |   |   |   |   |   |   |   |   |   |   |   |   |   |   |   |   |   |   |   |   |   |   |   |   |   |   |   |   |   |
+---+---+---+---+---+---+---+---+---+---+---+---+---+---+---+---+---+---+---+---+---+---+---+---+---+---+---+---+---+---+---+---+---+---+---+---+---+---+---+---+---+---+---+---+---+---+---+---+---+---+---+---+---+---+---+---+---+---+---+---+---+---+---+---+
|128|141|196|171|172|173|174|171|172|169|170|167|168|167|168|173|174|175|128|141|190|173|174|169|170|173|174|171|172|167|168|169|170|169|170|173|174|171|172|169|170|169|170|171|172|171|172|171|172|167|168|167|168|167|168|167|168|169|170|173|174|171|186|128|
|   |   |   |   |   |   |   |   |   |   |   |   |   |   |   |   |   |   |   |   |   |   |   |   |   |   |   |   |   |   |   |   |   |   |   |   |   |   |   |   |   |   |   |   |   |   |   |   |   |   |   |   |   |   |   |   |   |   |   |   |   |   |   |   |
+---+---+---+---+---+---+---+---+---+---+---+---+---+---+---+---+---+---+---+---+---+---+---+---+---+---+---+---+---+---+---+---+---+---+---+---+---+---+---+---+---+---+---+---+---+---+---+---+---+---+---+---+---+---+---+---+---+---+---+---+---+---+---+---+
|128|141|204|147|162|150|151|161|162|145|146|155|156|155|156|150|151|158|128|141|159|150|151|147|148|150|151|147|149|155|156|147|160|147|148|150|152|145|182|145|146|147|148|147|162|161|162|161|162|155|154|143|144|155|154|155|154|161|160|150|151|161|185|128|
|   |   |   |   |   |   |   |   |   |   |   |   |   |   |   |   |   |   |   |   |   |   |   |   |   |   |   |   |   |   |   |   |   |   |   |   |   |   |   |   |   |   |   |   |   |   |   |   |   |   |   |   |   |   |   |   |   |   |   |   |   |   |   |   |
+---+---+---+---+---+---+---+---+---+---+---+---+---+---+---+---+---+---+---+---+---+---+---+---+---+---+---+---+---+---+---+---+---+---+---+---+---+---+---+---+---+---+---+---+---+---+---+---+---+---+---+---+---+---+---+---+---+---+---+---+---+---+---+---+
|128|141|196|171|172|169|170|173|174|167|168|169|170|169|170|169|170|175|128|141|176|169|170|169|170|169|170|169|170|169|170|171|172|169|170|171|172|167|168|167|168|169|170|171|172|173|174|173|174|171|172|167|168|171|172|171|172|173|174|169|170|173|188|128|
|   |   |   |   |   |   |   |   |   |   |   |   |   |   |   |   |   |   |   |   |   |   |   |   |   |   |   |   |   |   |   |   |   |   |   |   |   |   |   |   |   |   |   |   |   |   |   |   |   |   |   |   |   |   |   |   |   |   |   |   |   |   |   |   |
+---+---+---+---+---+---+---+---+---+---+---+---+---+---+---+---+---+---+---+---+---+---+---+---+---+---+---+---+---+---+---+---+---+---+---+---+---+---+---+---+---+---+---+---+---+---+---+---+---+---+---+---+---+---+---+---+---+---+---+---+---+---+---+---+
|128|141|204|161|162|145|146|150|151|155|156|145|146|147|160|161|160|158|227|141|181|161|160|147|160|161|160|147|148|147|160|145|182|147|148|147|149|153|154|155|156|147|160|161|162|150|151|157|152|147|149|143|144|147|149|147|162|150|152|147|160|150|200|128|
|   |   |   |   |   |   |   |   |   |   |   |   |   |   |   |   |   |   |   |   |   |   |   |   |   |   |   |   |   |   |   |   |   |   |   |   |   |   |   |   |   |   |   |   |   |   |   |   |   |   |   |   |   |   |   |   |   |   |   |   |   |   |   |   |
+---+---+---+---+---+---+---+---+---+---+---+---+---+---+---+---+---+---+---+---+---+---+---+---+---+---+---+---+---+---+---+---+---+---+---+---+---+---+---+---+---+---+---+---+---+---+---+---+---+---+---+---+---+---+---+---+---+---+---+---+---+---+---+---+
|128|141|196|173|174|167|168|169|170|169|170|167|168|171|172|173|174|228|229|230|231|173|174|171|172|173|174|169|170|171|172|167|168|169|170|169|170|173|174|169|170|171|172|173|174|169|170|173|174|169|170|167|168|169|170|171|172|171|172|171|172|169|193|128|
|   |   |   |   |   |   |   |   |   |   |   |   |   |   |   |   |   |   |   |   |   |   |   |   |   |   |   |   |   |   |   |   |   |   |   |   |   |   |   |   |   |   |   |   |   |   |   |   |   |   |   |   |   |   |   |   |   |   |   |   |   |   |   |   |
+---+---+---+---+---+---+---+---+---+---+---+---+---+---+---+---+---+---+---+---+---+---+---+---+---+---+---+---+---+---+---+---+---+---+---+---+---+---+---+---+---+---+---+---+---+---+---+---+---+---+---+---+---+---+---+---+---+---+---+---+---+---+---+---+
|128|141|232|233|151|143|144|161|160|161|160|155|156|161|162|183|184|234|224|235|160|183|184|147|162|183|184|147|160|147|149|143|144|147|160|147|160|150|151|147|160|147|149|157|152|145|146|157|152|147|148|143|144|147|148|145|182|147|149|147|236|237|238|128|
|   |   |   |   |   |   |   |   |   |   |   |   |   |   |   |   |   |   |   |   |   |   |   |   |   |   |   |   |   |   |   |   |   |   |   |   |   |   |   |   |   |   |   |   |   |   |   |   |   |   |   |   |   |   |   |   |   |   |   |   |   |   |   |   |
+---+---+---+---+---+---+---+---+---+---+---+---+---+---+---+---+---+---+---+---+---+---+---+---+---+---+---+---+---+---+---+---+---+---+---+---+---+---+---+---+---+---+---+---+---+---+---+---+---+---+---+---+---+---+---+---+---+---+---+---+---+---+---+---+
|128|239|240|241|242|208|207|209|210|209|210|243|242|209|210|208|207|244|245|209|210|208|207|244|245|208|207|244|245|243|242|208|207|244|245|244|245|243|242|244|245|243|242|209|210|208|207|209|210|243|242|208|207|243|242|208|207|243|242|243|246|240|165|128|
|   |   |   |   |   |   |   |   |   |   |   |   |   |   |   |   |   |   |   |   |   |   |   |   |   |   |   |   |   |   |   |   |   |   |   |   |   |   |   |   |   |   |   |   |   |   |   |   |   |   |   |   |   |   |   |   |   |   |   |   |   |   |   |   |
+---+---+---+---+---+---+---+---+---+---+---+---+---+---+---+---+---+---+---+---+---+---+---+---+---+---+---+---+---+---+---+---+---+---+---+---+---+---+---+---+---+---+---+---+---+---+---+---+---+---+---+---+---+---+---+---+---+---+---+---+---+---+---+---+
|128|247|214|214|214|214|214|214|214|214|214|214|214|214|214|214|214|214|214|214|214|214|214|214|214|214|214|214|214|214|214|214|214|214|214|214|214|214|214|214|214|214|214|214|214|214|214|214|214|214|214|214|214|214|214|214|214|214|214|214|248|249|250|128|
|   |   |   |   |   |   |   |   |   |   |   |   |   |   |   |   |   |   |   |   |   |   |   |   |   |   |   |   |   |   |   |   |   |   |   |   |   |   |   |   |   |   |   |   |   |   |   |   |   |   |   |   |   |   |   |   |   |   |   |   |   |   |   |   |
+---+---+---+---+---+---+---+---+---+---+---+---+---+---+---+---+---+---+---+---+---+---+---+---+---+---+---+---+---+---+---+---+---+---+---+---+---+---+---+---+---+---+---+---+---+---+---+---+---+---+---+---+---+---+---+---+---+---+---+---+---+---+---+---+
|128|128|128|128|128|128|128|128|128|128|128|128|128|128|128|128|128|128|128|128|128|128|128|128|128|128|128|128|128|128|128|128|128|128|128|128|128|128|128|128|128|128|128|128|128|128|128|128|128|128|128|128|128|128|128|128|128|128|128|128|128|128|128|128|
|   |   |   |   |   |   |   |   |   |   |   |   |   |   |   |   |   |   |   |   |   |   |   |   |   |   |   |   |   |   |   |   |   |   |   |   |   |   |   |   |   |   |   |   |   |   |   |   |   |   |   |   |   |   |   |   |   |   |   |   |   |   |   |   |
+---+---+---+---+---+---+---+---+---+---+---+---+---+---+---+---+---+---+---+---+---+---+---+---+---+---+---+---+---+---+---+---+---+---+---+---+---+---+---+---+---+---+---+---+---+---+---+---+---+---+---+---+---+---+---+---+---+---+---+---+---+---+---+---+

Unique tiles: 123

Tile# Count Position
 128     65
 129      1 (1,1)
 130      1 (2,1)
 131      1 (3,1)
 132      1 (4,1)
 133      1 (5,1)
 134      6
 135      2
 136     11
 137     35
 138      1 (60,1)
 139      1 (61,1)
 140      3
 141      1 (1,2)
 142      1 (2,2)
 143      1 (3,2)
 144      1 (4,2)
 145      1 (5,2)
 146      1 (6,2)
 147      1 (7,2)
 148      4
 149      1 (12,2)
 150      1 (13,2)
 151      4
 152      1 (18,2)
 153      1 (19,2)
 154      1 (20,2)
 155      1 (21,2)
 156      1 (22,2)
 157      2
 158      3
 159      2
 160      3
 161      1 (33,2)
 162     26
 163      1 (60,2)
 164      1 (61,2)
 165      4
 166      1 (2,3)
 167      1 (3,3)
 168      3
 169      1 (7,3)
 170      9
 171      1 (17,3)
 172      1 (18,3)
 173      1 (19,3)
 174      5
 175      3
 176     32
 177      1 (60,3)
 178      1 (61,3)
 179      4
 180     26
 181     12
 182      9
 183      1 (49,4)
 184     12
 185     64
 186      4
 187    124
 188     64
 189      4
 190     60
 191     64
 192    192
 193      4
 194     60
 195      4
 196     64
 197    128
 198     26
 199     34
 200    324
 201    154
 202     34
 203     94
 204    418
 205    277
 206      1 (19,39)
 207      1 (20,39)
 208      2
 209      1 (23,39)
 210      1 (24,39)
 211     56
 212      1 (17,40)
 213      1 (18,40)
 214      6
 215     66
 216      1 (27,41)
 217     56
 218      1 (20,42)
 219      1 (21,42)
 220      1 (22,42)
 221      1 (23,42)
 222      1 (24,42)
 223      1 (25,42)
 224      1 (26,42)
 225     35
 226    980
 227     63
 228      1 (17,59)
 229      1 (18,59)
 230      1 (19,59)
 231     46
 232      1 (2,60)
 233     14
 234      2
 235     41
 236      1 (60,60)
 237      1 (61,60)
 238      3
 239      1 (1,61)
 240      1 (2,61)
 241      1 (3,61)
 242      7
 243      6
 244      1 (17,61)
 245     42
 246      5
 247     59
 248      1 (60,62)
 249      1 (61,62)
 250     66
